  0.28000000000000003        2.0999999999999999E-003   180.27786352229811     
  0.28000000000000003        2.1233333333333334E-003   170.91325991805502     
  0.28000000000000003        2.1466666666666665E-003   156.84660597459450     
  0.28000000000000003        2.1700000000000001E-003   143.12755750334682     
  0.28000000000000003        2.1933333333333332E-003   136.38215650448200     
  0.28000000000000003        2.2166666666666667E-003   123.77723707605220     
  0.28000000000000003        2.2399999999999998E-003   112.74851741128792     
  0.28000000000000003        2.2633333333333333E-003   108.49772501600981     
  0.28000000000000003        2.2866666666666664E-003   97.454271447930964     
  0.28000000000000003        2.3100000000000000E-003   89.080897391631865     
  0.28000000000000003        2.3333333333333331E-003   87.156853499305882     
  0.28000000000000003        2.3566666666666666E-003   77.833542352563555     
  0.28000000000000003        2.3799999999999997E-003   72.071234607693242     
  0.28000000000000003        2.4033333333333333E-003   72.295698514385464     
  0.28000000000000003        2.4266666666666664E-003   64.853081705055374     
  0.28000000000000003        2.4499999999999999E-003   61.664795097869209     
  0.28000000000000003        2.4733333333333335E-003   63.838581506504511     
  0.28000000000000003        2.4966666666666666E-003   58.449158567882854     
  0.28000000000000003        2.5200000000000001E-003   57.805856167197668     
  0.28000000000000003        2.5433333333333332E-003   61.739652837543105     
  0.28000000000000003        2.5666666666666667E-003   58.556273490194762     
  0.28000000000000003        2.5899999999999999E-003   60.423276041256507     
  0.28000000000000003        2.6133333333333334E-003   65.947880041993329     
  0.28000000000000003        2.6366666666666665E-003   65.095299252800828     
  0.28000000000000003        2.6600000000000000E-003   69.435188168196945     
  0.28000000000000003        2.6833333333333331E-003   76.403123527163430     
  0.28000000000000003        2.7066666666666667E-003   77.974969206739885     
  0.28000000000000003        2.7299999999999998E-003   84.728821096521500     
  0.28000000000000003        2.7533333333333333E-003   93.039167448927842     
  0.28000000000000003        2.7766666666666669E-003   97.081911531912070     
  
  0.29476986305037867        2.0999999999999999E-003   156.58171269457569     
  0.29476986305037867        2.1233333333333334E-003   148.47789619538821     
  0.29476986305037867        2.1466666666666665E-003   135.46055461228067     
  0.29476986305037867        2.1700000000000001E-003   122.79521410287688     
  0.29476986305037867        2.1933333333333332E-003   117.39467539224147     
  0.29476986305037867        2.2166666666666667E-003   105.86060711798484     
  0.29476986305037867        2.2399999999999998E-003   95.965798953719514     
  0.29476986305037867        2.2633333333333333E-003   93.132566266357372     
  0.29476986305037867        2.2866666666666664E-003   83.182234580880589     
  0.29476986305037867        2.3100000000000000E-003   76.014955028002177     
  0.29476986305037867        2.3333333333333331E-003   75.568046285180017     
  0.29476986305037867        2.3566666666666666E-003   67.364615057445533     
  0.29476986305037867        2.3799999999999997E-003   62.873253257828694     
  0.29476986305037867        2.4033333333333333E-003   64.621314823395736     
  0.29476986305037867        2.4266666666666664E-003   58.330615786144683     
  0.29476986305037867        2.4499999999999999E-003   56.472391646778185     
  0.29476986305037867        2.4733333333333335E-003   60.202557409338247     
  0.29476986305037867        2.4966666666666666E-003   56.003347655283989     
  0.29476986305037867        2.5200000000000001E-003   56.745003830541918     
  0.29476986305037867        2.5433333333333332E-003   62.255691424542093     
  0.29476986305037867        2.5666666666666667E-003   60.306248860871449     
  0.29476986305037867        2.5899999999999999E-003   63.609786264590937     
  0.29476986305037867        2.6133333333333334E-003   70.720789320409892     
  0.29476986305037867        2.6366666666666665E-003   71.150385525495793     
  0.29476986305037867        2.6600000000000000E-003   76.975720021413622     
  0.29476986305037867        2.6833333333333331E-003   85.530663633445926     
  0.29476986305037867        2.7066666666666667E-003   88.436109956492658     
  0.29476986305037867        2.7299999999999998E-003   96.721496669772748     
  0.29476986305037867        2.7533333333333333E-003   106.61393344376927     
  0.29476986305037867        2.7766666666666669E-003   112.04251603259888     
  
  0.30975835149976794        2.0999999999999999E-003   137.84267318874583     
  0.30975835149976794        2.1233333333333334E-003   131.01757138799823     
  0.30975835149976794        2.1466666666666665E-003   119.08430483084776     
  0.30975835149976794        2.1700000000000001E-003   107.50639435312078     
  0.30975835149976794        2.1933333333333332E-003   103.46394284074354     
  0.30975835149976794        2.2166666666666667E-003   93.033673069994208     
  0.30975835149976794        2.2399999999999998E-003   84.301433031909141     
  0.30975835149976794        2.2633333333333333E-003   82.894586302578887     
  0.30975835149976794        2.2866666666666664E-003   74.068278614841034     
  0.30975835149976794        2.3100000000000000E-003   68.130642173708168     
  0.30975835149976794        2.3333333333333331E-003   69.165684568952713     
  0.30975835149976794        2.3566666666666666E-003   62.110614317826936     
  0.30975835149976794        2.3799999999999997E-003   58.908656274659698     
  0.30975835149976794        2.4033333333333333E-003   62.181537110146259     
  0.30975835149976794        2.4266666666666664E-003   57.068415865065440     
  0.30975835149976794        2.4499999999999999E-003   56.553656776817704     
  0.30975835149976794        2.4733333333333335E-003   61.838284299151844     
  0.30975835149976794        2.4966666666666666E-003   58.851683154192152     
  0.30975835149976794        2.5200000000000001E-003   60.986685278186535     
  0.30975835149976794        2.5433333333333332E-003   68.069656934523124     
  0.30975835149976794        2.5666666666666667E-003   67.372845919917637     
  0.30975835149976794        2.5899999999999999E-003   72.116373761232069     
  0.30975835149976794        2.6133333333333334E-003   80.806878534827717     
  0.30975835149976794        2.6366666666666665E-003   82.533261838744536     
  0.30975835149976794        2.6600000000000000E-003   89.842666285920870     
  0.30975835149976794        2.6833333333333331E-003   99.975784270003956     
  0.30975835149976794        2.7066666666666667E-003   104.22502776173535     
  0.30975835149976794        2.7299999999999998E-003   114.03589309581490     
  0.30975835149976794        2.7533333333333333E-003   125.49991651337115     
  0.30975835149976794        2.7766666666666669E-003   132.31988125438983     
  
  0.32494949856903621        2.0999999999999999E-003   123.52202243696169     
  0.32494949856903621        2.1233333333333334E-003   117.97293849231366     
  0.32494949856903621        2.1466666666666665E-003   107.14026801762549     
  0.32494949856903621        2.1700000000000001E-003   96.665335107724161     
  0.32494949856903621        2.1933333333333332E-003   93.973210723778735     
  0.32494949856903621        2.2166666666666667E-003   84.661690628983052     
  0.32494949856903621        2.2399999999999998E-003   77.102183767903469     
  0.32494949856903621        2.2633333333333333E-003   77.109334046754881     
  0.32494949856903621        2.2866666666666664E-003   69.420216028294803     
  0.32494949856903621        2.3100000000000000E-003   64.717053127417159     
  0.32494949856903621        2.3333333333333331E-003   67.217560162968141     
  0.32494949856903621        2.3566666666666666E-003   61.321830393829423     
  0.32494949856903621        2.3799999999999997E-003   59.408871750508034     
  0.32494949856903621        2.4033333333333333E-003   64.186543388564729     
  0.32494949856903621        2.4266666666666664E-003   60.259356610771320     
  0.32494949856903621        2.4499999999999999E-003   61.082524859776527     
  0.32494949856903621        2.4733333333333335E-003   67.898640157881530     
  0.32494949856903621        2.4966666666666666E-003   66.129888166412741     
  0.32494949856903621        2.5200000000000001E-003   69.647654570446619     
  0.32494949856903621        2.5433333333333332E-003   78.277566209960327     
  0.32494949856903621        2.5666666666666667E-003   78.835028489061827     
  0.32494949856903621        2.5899999999999999E-003   85.003043342060138     
  0.32494949856903621        2.6133333333333334E-003   95.245845245393255     
  0.32494949856903621        2.6366666666666665E-003   98.266632339487103     
  0.32494949856903621        2.6600000000000000E-003   107.03981199676716     
  0.32494949856903621        2.6833333333333331E-003   118.72248146641761     
  0.32494949856903621        2.7066666666666667E-003   124.30875153844956     
  0.32494949856903621        2.7299999999999998E-003   135.62018832702105     
  0.32494949856903621        2.7533333333333333E-003   148.62607775639387     
  0.32494949856903621        2.7766666666666669E-003   156.82601356721389     
  
  0.34032712159301159        2.0999999999999999E-003   113.05851073402458     
  0.34032712159301159        2.1233333333333334E-003   108.76210894996952     
  0.34032712159301159        2.1466666666666665E-003   99.028139330968685     
  0.34032712159301159        2.1700000000000001E-003   89.653403578687673     
  0.34032712159301159        2.1933333333333332E-003   88.282872189265746     
  0.34032712159301159        2.2166666666666667E-003   80.086884773046648     
  0.34032712159301159        2.2399999999999998E-003   73.691658241617034     
  0.34032712159301159        2.2633333333333333E-003   75.079235186387734     
  0.34032712159301159        2.2866666666666664E-003   68.522567972554242     
  0.34032712159301159        2.3100000000000000E-003   65.039892172105780     
  0.34032712159301159        2.3333333333333331E-003   68.968128611721184     
  0.34032712159301159        2.3566666666666666E-003   64.225055454591654     
  0.34032712159301159        2.3799999999999997E-003   63.581758644681670     
  0.34032712159301159        2.4033333333333333E-003   69.823012964473037     
  0.34032712159301159        2.4266666666666664E-003   67.072661191599181     
  0.34032712159301159        2.4499999999999999E-003   69.209235157400570     
  0.34032712159301159        2.4733333333333335E-003   77.512891480723937     
  0.34032712159301159        2.4966666666666666E-003   76.949933730128350     
  0.34032712159301159        2.5200000000000001E-003   81.820897300921644     
  0.34032712159301159        2.5433333333333332E-003   91.951760817182134     
  0.34032712159301159        2.5666666666666667E-003   93.747960167484237     
  0.34032712159301159        2.5899999999999999E-003   101.30600981115280     
  0.34032712159301159        2.6133333333333334E-003   113.05369650354275     
  0.34032712159301159        2.6366666666666665E-003   117.34940450063495     
  0.34032712159301159        2.6600000000000000E-003   127.54718167691394     
  0.34032712159301159        2.6833333333333331E-003   140.73109360106756     
  0.34032712159301159        2.7066666666666667E-003   147.63056801040099     
  0.34032712159301159        2.7299999999999998E-003   160.39887932783236     
  0.34032712159301159        2.7533333333333333E-003   174.89780103997794     
  0.34032712159301159        2.7766666666666669E-003   184.44928152877583     
  
  0.35587483925938090        2.0999999999999999E-003   105.88088742830183     
  0.35587483925938090        2.1233333333333334E-003   102.79352016388171     
  0.35587483925938090        2.1466666666666665E-003   94.138071227790533     
  0.35587483925938090        2.1700000000000001E-003   85.842575846243676     
  0.35587483925938090        2.1933333333333332E-003   85.744283506592893     
  0.35587483925938090        2.2166666666666667E-003   78.642571249832400     
  0.35587483925938090        2.2399999999999998E-003   73.384734252799504     
  0.35587483925938090        2.2633333333333333E-003   76.098363357163251     
  0.35587483925938090        2.2866666666666664E-003   70.651628374190267     
  0.35587483925938090        2.3100000000000000E-003   68.356843901859776     
  0.35587483925938090        2.3333333333333331E-003   73.654220948559839     
  0.35587483925938090        2.3566666666666666E-003   70.039581741462470     
  0.35587483925938090        2.3799999999999997E-003   70.627909901905042     
  0.35587483925938090        2.4033333333333333E-003   78.270766978520200     
  0.35587483925938090        2.4266666666666664E-003   76.670822114039041     
  0.35587483925938090        2.4499999999999999E-003   80.077555369017333     
  0.35587483925938090        2.4733333333333335E-003   89.804248233644913     
  0.35587483925938090        2.4966666666666666E-003   90.417868567843129     
  0.35587483925938090        2.5200000000000001E-003   96.593760075582111     
  0.35587483925938090        2.5433333333333332E-003   108.15936013825325     
  0.35587483925938090        2.5666666666666667E-003   111.16172730582954     
  0.35587483925938090        2.5899999999999999E-003   120.05671712342446     
  0.35587483925938090        2.6133333333333334E-003   133.24208226021696     
  0.35587483925938090        2.6366666666666665E-003   138.77628807013770     
  0.35587483925938090        2.6600000000000000E-003   150.34093049469601     
  0.35587483925938090        2.6833333333333331E-003   164.95849620797040     
  0.35587483925938090        2.7066666666666667E-003   173.13047818522020     
  0.35587483925938090        2.7299999999999998E-003   187.29352640405273     
  0.35587483925938090        2.7533333333333333E-003   203.21792962005966     
  0.35587483925938090        2.7766666666666669E-003   214.07571053027928     
  
  0.37157608905920159        2.0999999999999999E-003   101.42033461327232     
  0.37157608905920159        2.1233333333333334E-003   99.478704748958805     
  0.37157608905920159        2.1466666666666665E-003   91.863745390480361     
  0.37157608905920159        2.1700000000000001E-003   84.608809989800861     
  0.37157608905920159        2.1933333333333332E-003   85.713474579821025     
  0.37157608905920159        2.2166666666666667E-003   79.667163553553493     
  0.37157608905920159        2.2399999999999998E-003   75.501869621168751     
  0.37157608905920159        2.2633333333333333E-003   79.467086770087434     
  0.37157608905920159        2.2866666666666664E-003   75.090400462583830     
  0.37157608905920159        2.3100000000000000E-003   73.932811863370802     
  0.37157608905920159        2.3333333333333331E-003   80.520617591132080     
  0.37157608905920159        2.3566666666666666E-003   77.993058989268278     
  0.37157608905920159        2.3799999999999997E-003   79.756810574762696     
  0.37157608905920159        2.4033333333333333E-003   88.719257755757639     
  0.37157608905920159        2.4266666666666664E-003   88.226368097418586     
  0.37157608905920159        2.4499999999999999E-003   92.841846833049090     
  0.37157608905920159        2.4733333333333335E-003   103.90725430826953     
  0.37157608905920159        2.4966666666666666E-003   105.65148163440378     
  0.37157608905920159        2.5200000000000001E-003   113.06590829351308     
  0.37157608905920159        2.5433333333333332E-003   125.98053671269162     
  0.37157608905920159        2.5666666666666667E-003   130.13988156411247     
  0.37157608905920159        2.5899999999999999E-003   140.30067252386687     
  0.37157608905920159        2.6133333333333334E-003   154.83743786649700     
  0.37157608905920159        2.6366666666666665E-003   161.55720043745850     
  0.37157608905920159        2.6600000000000000E-003   174.41303714288921     
  0.37157608905920159        2.6833333333333331E-003   190.37809282968823     
  0.37157608905920159        2.7066666666666667E-003   199.76544715556031     
  0.37157608905920159        2.7299999999999998E-003   215.24328607747285     
  0.37157608905920159        2.7533333333333333E-003   232.50758588757353     
  0.37157608905920159        2.7766666666666669E-003   244.61005777054658     
  
  0.38741414493043680        2.0999999999999999E-003   99.122587068929221     
  0.38741414493043680        2.1233333333333334E-003   98.244734622511700     
  0.38741414493043680        2.1466666666666665E-003   91.615111089489389     
  0.38741414493043680        2.1700000000000001E-003   85.345076821961143     
  0.38741414493043680        2.1933333333333332E-003   87.564505446798762     
  0.38741414493043680        2.2166666666666667E-003   82.517817756955836     
  0.38741414493043680        2.2399999999999998E-003   79.383040330861363     
  0.38741414493043680        2.2633333333333333E-003   84.506331940449328     
  0.38741414493043680        2.2866666666666664E-003   81.143142547584603     
  0.38741414493043680        2.3100000000000000E-003   81.054757292533054     
  0.38741414493043680        2.3333333333333331E-003   88.835210553737511     
  0.38741414493043680        2.3566666666666666E-003   87.336932569954541     
  0.38741414493043680        2.3799999999999997E-003   90.202567404947530     
  0.38741414493043680        2.4033333333333333E-003   100.38361789309607     
  0.38741414493043680        2.4266666666666664E-003   100.93818331457324     
  0.38741414493043680        2.4499999999999999E-003   106.68367275369697     
  0.38741414493043680        2.4733333333333335E-003   118.98470943257288     
  0.38741414493043680        2.4966666666666666E-003   121.79748892581783     
  0.38741414493043680        2.5200000000000001E-003   130.36679879364812     
  0.38741414493043680        2.5433333333333332E-003   144.52629511958742     
  0.38741414493043680        2.5666666666666667E-003   149.77747894058268     
  0.38741414493043680        2.5899999999999999E-003   161.11576773056260     
  0.38741414493043680        2.6133333333333334E-003   176.89960261906569     
  0.38741414493043680        2.6366666666666665E-003   184.73614105162895     
  0.38741414493043680        2.6600000000000000E-003   198.79045632694408     
  0.38741414493043680        2.6833333333333331E-003   215.99925487776244     
  0.38741414493043680        2.7066666666666667E-003   226.52909594626024     
  0.38741414493043680        2.7299999999999998E-003   243.22487656434896     
  0.38741414493043680        2.7533333333333333E-003   261.72641356870116     
  0.38741414493043680        2.7766666666666669E-003   274.99630272000701     
  
  0.40337213507571845        2.0999999999999999E-003   98.459523904553350     
  0.40337213507571845        2.1233333333333334E-003   98.546119940569127     
  0.40337213507571845        2.1466666666666665E-003   92.830565071792435     
  0.40337213507571845        2.1700000000000001E-003   87.473818423307748     
  0.40337213507571845        2.1933333333333332E-003   90.702233501109134     
  0.40337213507571845        2.2166666666666667E-003   86.583475129287521     
  0.40337213507571845        2.2399999999999998E-003   84.401062553315398     
  0.40337213507571845        2.2633333333333333E-003   90.571214106268258     
  0.40337213507571845        2.2866666666666664E-003   88.149267945221169     
  0.40337213507571845        2.3100000000000000E-003   89.045877963557416     
  0.40337213507571845        2.3333333333333331E-003   97.903488593700487     
  0.40337213507571845        2.3566666666666666E-003   97.361192399703413     
  0.40337213507571845        2.3799999999999997E-003   101.23893505916377     
  0.40337213507571845        2.4033333333333333E-003   112.51998895713230     
  0.40337213507571845        2.4266666666666664E-003   114.04709440320867     
  0.40337213507571845        2.4499999999999999E-003   120.82766006263967     
  0.40337213507571845        2.4733333333333335E-003   134.24382793133785     
  0.40337213507571845        2.4966666666666666E-003   138.04794557469077     
  0.40337213507571845        2.5200000000000001E-003   147.67236366013245     
  0.40337213507571845        2.5433333333333332E-003   162.95544561134335     
  0.40337213507571845        2.5666666666666667E-003   169.21830220568788     
  0.40337213507571845        2.5899999999999999E-003   181.62976943289434     
  0.40337213507571845        2.6133333333333334E-003   198.53959169852970     
  0.40337213507571845        2.6366666666666665E-003   207.40920804464758     
  0.40337213507571845        2.6600000000000000E-003   222.55339943045155     
  0.40337213507571845        2.6833333333333331E-003   240.88587432194038     
  0.40337213507571845        2.7066666666666667E-003   252.47049511041655     
  0.40337213507571845        2.7299999999999998E-003   270.27163105773127     
  0.40337213507571845        2.7533333333333333E-003   289.89189302009373     
  0.40337213507571845        2.7766666666666669E-003   304.23719966964268     
  
  0.41943305993535840        2.0999999999999999E-003   98.940027726202274     
  0.41943305993535840        2.1233333333333334E-003   99.875953549135573     
  0.41943305993535840        2.1466666666666665E-003   94.988358963851937     
  0.41943305993535840        2.1700000000000001E-003   90.458615818348093     
  0.41943305993535840        2.1933333333333332E-003   94.574267610010452     
  0.41943305993535840        2.2166666666666667E-003   91.297074136304886     
  0.41943305993535840        2.2399999999999998E-003   89.974065493440492     
  0.41943305993535840        2.2633333333333333E-003   97.063796128952404     
  0.41943305993535840        2.2866666666666664E-003   95.496356376081820     
  0.41943305993535840        2.3100000000000000E-003   97.278879840971157     
  0.41943305993535840        2.3333333333333331E-003   107.08209287503263     
  0.41943305993535840        2.3566666666666666E-003   107.40817583150053     
  0.41943305993535840        2.3799999999999997E-003   112.19337764226741     
  0.41943305993535840        2.4033333333333333E-003   124.43986338168516     
  0.41943305993535840        2.4266666666666664E-003   126.85045457787905     
  0.41943305993535840        2.4499999999999999E-003   134.55633969547546     
  0.41943305993535840        2.4733333333333335E-003   148.95135418527911     
  0.41943305993535840        2.4966666666666666E-003   153.65559891580290     
  0.41943305993535840        2.5200000000000001E-003   164.22061637955898     
  0.41943305993535840        2.5433333333333332E-003   180.49047888893389     
  0.41943305993535840        2.5666666666666667E-003   187.67096905200023     
  0.41943305993535840        2.5899999999999999E-003   201.03667699374523     
  0.41943305993535840        2.6133333333333334E-003   218.93621473541054     
  0.41943305993535840        2.6366666666666665E-003   228.74144629493935     
  0.41943305993535840        2.6600000000000000E-003   244.85242824492065     
  0.41943305993535840        2.6833333333333331E-003   264.17370960773974     
  0.41943305993535840        2.7066666666666667E-003   276.71173654659106     
  0.41943305993535840        2.7299999999999998E-003   295.49131101813595     
  0.41943305993535840        2.7533333333333333E-003   316.09739751258195     
  0.41943305993535840        2.7766666666666669E-003   331.41255640103361     
  
  0.43557981029645987        2.0999999999999999E-003   100.11992100939442     
  0.43557981029645987        2.1233333333333334E-003   101.77610585470246     
  0.43557981029645987        2.1466666666666665E-003   97.617034727273392     
  0.43557981029645987        2.1700000000000001E-003   93.814862005095904     
  0.43557981029645987        2.1933333333333332E-003   98.681900554497432     
  0.43557981029645987        2.2166666666666667E-003   96.146718976970902     
  0.43557981029645987        2.2399999999999998E-003   95.576897886588895     
  0.43557981029645987        2.2633333333333333E-003   103.44475393292593     
  0.43557981029645987        2.2866666666666664E-003   102.63205072161705     
  0.43557981029645987        2.3100000000000000E-003   105.18811110975344     
  0.43557981029645987        2.3333333333333331E-003   115.79120799697678     
  0.43557981029645987        2.3566666666666666E-003   116.88518530731130     
  0.43557981029645987        2.3799999999999997E-003   122.45992198564343     
  0.43557981029645987        2.4033333333333333E-003   135.52319140484673     
  0.43557981029645987        2.4266666666666664E-003   138.71547270270761     
  0.43557981029645987        2.4499999999999999E-003   147.22370891401061     
  0.43557981029645987        2.4733333333333335E-003   162.44737385733757     
  0.43557981029645987        2.4966666666666666E-003   167.94791769745001     
  0.43557981029645987        2.5200000000000001E-003   179.32591135378775     
  0.43557981029645987        2.5433333333333332E-003   196.43206857812754     
  0.43557981029645987        2.5666666666666667E-003   204.42364870676221     
  0.43557981029645987        2.5899999999999999E-003   218.61166599524788     
  0.43557981029645987        2.6133333333333334E-003   237.35125533719616     
  0.43557981029645987        2.6366666666666665E-003   247.98223752516148     
  0.43557981029645987        2.6600000000000000E-003   264.92406832160776     
  0.43557981029645987        2.6833333333333331E-003   285.08622720740993     
  0.43557981029645987        2.7066666666666667E-003   298.46398227148762     
  0.43557981029645987        2.7299999999999998E-003   318.08237424605784     
  0.43557981029645987        2.7533333333333333E-003   339.52868128646730     
  0.43557981029645987        2.7766666666666669E-003   355.69592615600806     
  
  0.45179518551883951        2.0999999999999999E-003   101.61080645664543     
  0.45179518551883951        2.1233333333333334E-003   103.84629257628929     
  0.45179518551883951        2.1466666666666665E-003   100.30470665088593     
  0.45179518551883951        2.1700000000000001E-003   97.119254891503743     
  0.45179518551883951        2.1933333333333332E-003   102.58983002000981     
  0.45179518551883951        2.2166666666666667E-003   100.68561099117350     
  0.45179518551883951        2.2399999999999998E-003   100.75127055020771     
  0.45179518551883951        2.2633333333333333E-003   109.24374657920239     
  0.45179518551883951        2.2866666666666664E-003   109.07463342831436     
  0.45179518551883951        2.3100000000000000E-003   112.28034896016597     
  0.45179518551883951        2.3333333333333331E-003   123.52557449550038     
  0.45179518551883951        2.3566666666666666E-003   125.27570316051182     
  0.45179518551883951        2.3799999999999997E-003   131.51058122030653     
  0.45179518551883951        2.4033333333333333E-003   145.23002735044216     
  0.45179518551883951        2.4266666666666664E-003   149.09105799629890     
  0.45179518551883951        2.4499999999999999E-003   158.26728250897682     
  0.45179518551883951        2.4733333333333335E-003   174.15758360322118     
  0.45179518551883951        2.4966666666666666E-003   180.33955660023676     
  0.45179518551883951        2.5200000000000001E-003   192.39161214652788     
  0.45179518551883951        2.5433333333333332E-003   210.17195277445725     
  0.45179518551883951        2.5666666666666667E-003   218.85713489193208     
  0.45179518551883951        2.5899999999999999E-003   233.72436178973297     
  0.45179518551883951        2.6133333333333334E-003   253.14295185219368     
  0.45179518551883951        2.6366666666666665E-003   264.47896929432432     
  0.45179518551883951        2.6600000000000000E-003   282.10467514766452     
  0.45179518551883951        2.6833333333333331E-003   302.94866825849215     
  0.45179518551883951        2.7066666666666667E-003   317.04171624931240     
  0.45179518551883951        2.7299999999999998E-003   337.34842025002939     
  0.45179518551883951        2.7533333333333333E-003   359.47851828928742     
  0.45179518551883951        2.7766666666666669E-003   376.36942852505200     
  
  0.46806191185834445        2.0999999999999999E-003   103.08765816231788     
  0.46806191185834445        2.1233333333333334E-003   105.75185841568488     
  0.46806191185834445        2.1466666666666665E-003   102.70702939157019     
  0.46806191185834445        2.1700000000000001E-003   100.01794618158910     
  0.46806191185834445        2.1933333333333332E-003   105.93450039050686     
  0.46806191185834445        2.2166666666666667E-003   104.54057173939866     
  0.46806191185834445        2.2399999999999998E-003   105.11446032320158     
  0.46806191185834445        2.2633333333333333E-003   114.06831253150428     
  0.46806191185834445        2.2866666666666664E-003   114.42210074336717     
  0.46806191185834445        2.3100000000000000E-003   118.14405385966643     
  0.46806191185834445        2.3333333333333331E-003   129.86393381270648     
  0.46806191185834445        2.3566666666666666E-003   132.14901126418096     
  0.46806191185834445        2.3799999999999997E-003   138.90515290918654     
  0.46806191185834445        2.4033333333333333E-003   153.11051584811688     
  0.46806191185834445        2.4266666666666664E-003   157.51797773644356     
  0.46806191185834445        2.4499999999999999E-003   167.21842687033870     
  0.46806191185834445        2.4733333333333335E-003   183.60380965022051     
  0.46806191185834445        2.4966666666666666E-003   190.34304328866455     
  0.46806191185834445        2.5200000000000001E-003   202.92095235725881     
  0.46806191185834445        2.5433333333333332E-003   221.20397504145234     
  0.46806191185834445        2.5666666666666667E-003   230.45605242113544     
  0.46806191185834445        2.5899999999999999E-003   245.85021706830958     
  0.46806191185834445        2.6133333333333334E-003   265.77754998224555     
  0.46806191185834445        2.6366666666666665E-003   277.68875046062067     
  0.46806191185834445        2.6600000000000000E-003   295.84231750537174     
  0.46806191185834445        2.6833333333333331E-003   317.20010136822049     
  0.46806191185834445        2.7066666666666667E-003   331.87495737653893     
  0.46806191185834445        2.7299999999999998E-003   352.71056785482631     
  0.46806191185834445        2.7533333333333333E-003   375.35924338583777     
  0.46806191185834445        2.7766666666666669E-003   392.83644811995680     
  
  0.48436266086804503        2.0999999999999999E-003   104.29503304549635     
  0.48436266086804503        2.1233333333333334E-003   107.23014291612071     
  0.48436266086804503        2.1466666666666665E-003   104.55371532274701     
  0.48436266086804503        2.1700000000000001E-003   102.23320651966358     
  0.48436266086804503        2.1933333333333332E-003   108.43092246252731     
  0.48436266086804503        2.2166666666666667E-003   107.41901191915341     
  0.48436266086804503        2.2399999999999998E-003   108.36642661032259     
  0.48436266086804503        2.2633333333333333E-003   117.61114015576084     
  0.48436266086804503        2.2866666666666664E-003   118.35957993394723     
  0.48436266086804503        2.3100000000000000E-003   122.45693353255083     
  0.48436266086804503        2.3333333333333331E-003   134.47674481128038     
  0.48436266086804503        2.3566666666666666E-003   137.16805177593247     
  0.48436266086804503        2.3799999999999997E-003   144.29922508526150     
  0.48436266086804503        2.4033333333333333E-003   158.81304824467946     
  0.48436266086804503        2.4266666666666664E-003   163.63715545104569     
  0.48436266086804503        2.4499999999999999E-003   173.71080154402605     
  0.48436266086804503        2.4733333333333335E-003   190.41259683486314     
  0.48436266086804503        2.4966666666666666E-003   197.57750687651665     
  0.48436266086804503        2.5200000000000001E-003   210.52590517913941     
  0.48436266086804503        2.5433333333333332E-003   229.13309796988813     
  0.48436266086804503        2.5666666666666667E-003   238.81800788529887     
  0.48436266086804503        2.5899999999999999E-003   254.57980112283772     
  0.48436266086804503        2.6133333333333334E-003   274.83873206223171     
  0.48436266086804503        2.6366666666666665E-003   287.18797532761340     
  0.48436266086804503        2.6600000000000000E-003   305.70647750330573     
  0.48436266086804503        2.6833333333333331E-003   327.40325831456016     
  0.48436266086804503        2.7066666666666667E-003   342.51922779608952     
  0.48436266086804503        2.7299999999999998E-003   363.71755655581700     
  0.48436266086804503        2.7533333333333333E-003   386.71298489237000     
  0.48436266086804503        2.7766666666666669E-003   404.63199737420325     
  
  0.50068006785769925        2.0999999999999999E-003   105.05179685317886     
  0.50068006785769925        2.1233333333333334E-003   108.09532027002885     
  0.50068006785769925        2.1466666666666665E-003   105.65349050295850     
  0.50068006785769925        2.1700000000000001E-003   103.56849382257046     
  0.50068006785769925        2.1933333333333332E-003   109.87785546923814     
  0.50068006785769925        2.2166666666666667E-003   109.11422810528668     
  0.50068006785769925        2.2399999999999998E-003   110.29522014066906     
  0.50068006785769925        2.2633333333333333E-003   119.65558953680387     
  0.50068006785769925        2.2866666666666664E-003   120.66496421930458     
  0.50068006785769925        2.3100000000000000E-003   124.99168901358320     
  0.50068006785769925        2.3333333333333331E-003   137.13204170329016     
  0.50068006785769925        2.3566666666666666E-003   140.09539654188868     
  0.50068006785769925        2.3799999999999997E-003   147.45025541952575     
  0.50068006785769925        2.4033333333333333E-003   162.09045197468095     
  0.50068006785769925        2.4266666666666664E-003   167.19597010318969     
  0.50068006785769925        2.4499999999999999E-003   177.48676647598069     
  0.50068006785769925        2.4733333333333335E-003   194.32172389758526     
  0.50068006785769925        2.4966666666666666E-003   201.77530138850628     
  0.50068006785769925        2.5200000000000001E-003   214.93391295338682     
  0.50068006785769925        2.5433333333333332E-003   233.68223827114875     
  0.50068006785769925        2.5666666666666667E-003   243.66053122701319     
  0.50068006785769925        2.5899999999999999E-003   259.62584537248716     
  0.50068006785769925        2.6133333333333334E-003   280.03476530998933     
  0.50068006785769925        2.6366666666666665E-003   292.67957664546032     
  0.50068006785769925        2.6600000000000000E-003   311.39540526649728     
  0.50068006785769925        2.6833333333333331E-003   333.25198844136008     
  0.50068006785769925        2.7066666666666667E-003   348.66311024652316     
  0.50068006785769925        2.7299999999999998E-003   370.05340318750473     
  0.50068006785769925        2.7533333333333333E-003   393.21941789392514     
  0.50068006785769925        2.7766666666666669E-003   411.43057087873962     
  
  0.51699675039182769        2.0999999999999999E-003   105.25428565162402     
  0.51699675039182769        2.1233333333333334E-003   108.24163214344108     
  0.51699675039182769        2.1466666666666665E-003   105.89740648739289     
  0.51699675039182769        2.1700000000000001E-003   103.91184024756241     
  0.51699675039182769        2.1933333333333332E-003   110.16126501653497     
  0.51699675039182769        2.2166666666666667E-003   109.50893910199481     
  0.51699675039182769        2.2399999999999998E-003   110.78059395865856     
  0.51699675039182769        2.2633333333333333E-003   120.07937379877070     
  0.51699675039182769        2.2866666666666664E-003   121.21267182050981     
  0.51699675039182769        2.3100000000000000E-003   125.61984742495474     
  0.51699675039182769        2.3333333333333331E-003   137.69933623402818     
  0.51699675039182769        2.3566666666666666E-003   140.79722625137259     
  0.51699675039182769        2.3799999999999997E-003   148.22162287579397     
  0.51699675039182769        2.4033333333333333E-003   162.80411047022852     
  0.51699675039182769        2.4266666666666664E-003   168.05245213352472     
  0.51699675039182769        2.4499999999999999E-003   178.40164909832734     
  0.51699675039182769        2.4733333333333335E-003   195.18453745212685     
  0.51699675039182769        2.4966666666666666E-003   202.78641495034896     
  0.51699675039182769        2.5200000000000001E-003   215.99236577421811     
  0.51699675039182769        2.5433333333333332E-003   234.69681076786551     
  0.51699675039182769        2.5666666666666667E-003   244.82569391223265     
  0.51699675039182769        2.5899999999999999E-003   260.82792921867980     
  0.51699675039182769        2.6133333333333334E-003   281.20325147086413     
  0.51699675039182769        2.6366666666666665E-003   293.99784826763778     
  0.51699675039182769        2.6600000000000000E-003   312.74100747672270     
  0.51699675039182769        2.6833333333333331E-003   334.57620935401917     
  0.51699675039182769        2.7066666666666667E-003   350.13327045980168     
  0.51699675039182769        2.7299999999999998E-003   371.54248834821902     
  0.51699675039182769        2.7533333333333333E-003   394.70091125756767     
  0.51699675039182769        2.7766666666666669E-003   413.05136260530776     
  
  0.53329532680669156        2.0999999999999999E-003   104.87785165406780     
  0.53329532680669156        2.1233333333333334E-003   107.64496123698439     
  0.53329532680669156        2.1466666666666665E-003   105.26045449129887     
  0.53329532680669156        2.1700000000000001E-003   103.23750316575126     
  0.53329532680669156        2.1933333333333332E-003   109.25600118050205     
  0.53329532680669156        2.2166666666666667E-003   108.57700495972142     
  0.53329532680669156        2.2399999999999998E-003   109.79575856876018     
  0.53329532680669156        2.2633333333333333E-003   118.85634074242709     
  0.53329532680669156        2.2866666666666664E-003   119.97546876123822     
  0.53329532680669156        2.3100000000000000E-003   124.31361999064428     
  0.53329532680669156        2.3333333333333331E-003   136.15150154454381     
  0.53329532680669156        2.3566666666666666E-003   139.24525560291355     
  0.53329532680669156        2.3799999999999997E-003   146.58458701069770     
  0.53329532680669156        2.4033333333333333E-003   160.92594769980363     
  0.53329532680669156        2.4266666666666664E-003   166.17730930398292     
  0.53329532680669156        2.4499999999999999E-003   176.42580311991108     
  0.53329532680669156        2.4733333333333335E-003   192.97203544910784     
  0.53329532680669156        2.4966666666666666E-003   200.58059439862697     
  0.53329532680669156        2.5200000000000001E-003   213.67075777702428     
  0.53329532680669156        2.5433333333333332E-003   232.14690889991701     
  0.53329532680669156        2.5666666666666667E-003   242.28233020810561     
  0.53329532680669156        2.5899999999999999E-003   258.15473170336793     
  0.53329532680669156        2.6133333333333334E-003   278.31340234724797     
  0.53329532680669156        2.6366666666666665E-003   291.11076086419047     
  0.53329532680669156        2.6600000000000000E-003   309.71119215636122     
  0.53329532680669156        2.6833333333333331E-003   331.34427535524810     
  0.53329532680669156        2.7066666666666667E-003   346.89686497916978     
  0.53329532680669156        2.7299999999999998E-003   368.15199197252679     
  0.53329532680669156        2.7533333333333333E-003   391.12498680893236     
  0.53329532680669156        2.7766666666666669E-003   409.46076343996032     
  
  0.54955843472644805        2.0999999999999999E-003   103.97677099705538     
  0.54955843472644805        2.1233333333333334E-003   106.36272280790921     
  0.54955843472644805        2.1466666666666665E-003   103.80145857172791     
  0.54955843472644805        2.1700000000000001E-003   101.60585632282974     
  0.54955843472644805        2.1933333333333332E-003   107.22567257051954     
  0.54955843472644805        2.2166666666666667E-003   106.38330390236693     
  0.54955843472644805        2.2399999999999998E-003   107.40725600292434     
  0.54955843472644805        2.2633333333333333E-003   116.05632920209145     
  0.54955843472644805        2.2866666666666664E-003   117.02432926309943     
  0.54955843472644805        2.3100000000000000E-003   121.14575866627898     
  0.54955843472644805        2.3333333333333331E-003   132.56461073652824     
  0.54955843472644805        2.3566666666666666E-003   135.51657694660946     
  0.54955843472644805        2.3799999999999997E-003   142.61812693159612     
  0.54955843472644805        2.4033333333333333E-003   156.53824900599312     
  0.54955843472644805        2.4266666666666664E-003   161.65375345615686     
  0.54955843472644805        2.4499999999999999E-003   171.64442969660104     
  0.54955843472644805        2.4733333333333335E-003   187.77267047762314     
  0.54955843472644805        2.4966666666666666E-003   195.24715510144696     
  0.54955843472644805        2.5200000000000001E-003   208.06049047835484     
  0.54955843472644805        2.5433333333333332E-003   226.12709079255080     
  0.54955843472644805        2.5666666666666667E-003   236.12583006713754     
  0.54955843472644805        2.5899999999999999E-003   251.70381706451690     
  0.54955843472644805        2.6133333333333334E-003   271.46580899324789     
  0.54955843472644805        2.6366666666666665E-003   284.11973793391201     
  0.54955843472644805        2.6600000000000000E-003   302.40963654845757     
  0.54955843472644805        2.6833333333333331E-003   323.66273016592669     
  0.54955843472644805        2.7066666666666667E-003   339.06130041570725     
  0.54955843472644805        2.7299999999999998E-003   359.99164369736877     
  0.54955843472644805        2.7533333333333333E-003   382.60405601373520     
  0.54955843472644805        2.7766666666666669E-003   400.77210385595185     
  
  0.56576874955875900        2.0999999999999999E-003   102.68252018030574     
  0.56576874955875900        2.1233333333333334E-003   104.53208122648518     
  0.56576874955875900        2.1466666666666665E-003   101.66125500422730     
  0.56576874955875900        2.1700000000000001E-003   99.161528540126426     
  0.56576874955875900        2.1933333333333332E-003   104.22072408250955     
  0.56576874955875900        2.2166666666666667E-003   103.08177497587235     
  0.56576874955875900        2.2399999999999998E-003   103.77296080756612     
  0.56576874955875900        2.2633333333333333E-003   111.84310850003355     
  0.56576874955875900        2.2866666666666664E-003   112.52634218302381     
  0.56576874955875900        2.3100000000000000E-003   116.28742002718838     
  0.56576874955875900        2.3333333333333331E-003   127.11573916902478     
  0.56576874955875900        2.3566666666666666E-003   129.79143148633491     
  0.56576874955875900        2.3799999999999997E-003   136.50666919994359     
  0.56576874955875900        2.4033333333333333E-003   149.83132791765249     
  0.56576874955875900        2.4266666666666664E-003   154.67513790057674     
  0.56576874955875900        2.4499999999999999E-003   164.25517090982370     
  0.56576874955875900        2.4733333333333335E-003   179.78988321779738     
  0.56576874955875900        2.4966666666666666E-003   186.99248633328509     
  0.56576874955875900        2.5200000000000001E-003   199.37233373107873     
  0.56576874955875900        2.5433333333333332E-003   216.85378182558631     
  0.56576874955875900        2.5666666666666667E-003   226.57551458074511     
  0.56576874955875900        2.5899999999999999E-003   241.69896537895110     
  0.56576874955875900        2.6133333333333334E-003   260.88971612625483     
  0.56576874955875900        2.6366666666666665E-003   273.25690368883352     
  0.56576874955875900        2.6600000000000000E-003   291.07298990015369     
  0.56576874955875900        2.6833333333333331E-003   311.77345608116997     
  0.56576874955875900        2.7066666666666667E-003   326.87135631643338     
  0.56576874955875900        2.7299999999999998E-003   347.31080043509058     
  0.56576874955875900        2.7533333333333333E-003   369.39244689715639     
  0.56576874955875900        2.7766666666666669E-003   387.24265448616279     
  
  0.58190900295015113        2.0999999999999999E-003   101.20045682608769     
  0.58190900295015113        2.1233333333333334E-003   102.36652832050584     
  0.58190900295015113        2.1466666666666665E-003   99.059195369768588     
  0.58190900295015113        2.1700000000000001E-003   96.129828304539160     
  0.58190900295015113        2.1933333333333332E-003   100.47475780401446     
  0.58190900295015113        2.2166666666666667E-003   98.911666609138067     
  0.58190900295015113        2.2399999999999998E-003   99.138248984632156     
  0.58190900295015113        2.2633333333333333E-003   106.47044315386887     
  0.58190900295015113        2.2866666666666664E-003   106.74070634419715     
  0.58190900295015113        2.3100000000000000E-003   110.00408011734490     
  0.58190900295015113        2.3333333333333331E-003   120.07877531026067     
  0.58190900295015113        2.3566666666666666E-003   122.34895352946430     
  0.58190900295015113        2.3799999999999997E-003   128.53575102357482     
  0.58190900295015113        2.4033333333333333E-003   141.09908639133874     
  0.58190900295015113        2.4266666666666664E-003   145.54045352768321     
  0.58190900295015113        2.4499999999999999E-003   154.56352450176155     
  0.58190900295015113        2.4733333333333335E-003   169.33741608590708     
  0.58190900295015113        2.4966666666666666E-003   176.13530285751071     
  0.58190900295015113        2.5200000000000001E-003   187.93159580576321     
  0.58190900295015113        2.5433333333333332E-003   204.66034628049198     
  0.58190900295015113        2.5666666666666667E-003   213.96964717203548     
  0.58190900295015113        2.5899999999999999E-003   228.48510231802828     
  0.58190900295015113        2.6133333333333334E-003   246.93785681086462     
  0.58190900295015113        2.6366666666666665E-003   258.87985844579367     
  0.58190900295015113        2.6600000000000000E-003   276.06556763665020     
  0.58190900295015113        2.6833333333333331E-003   296.04827703559528     
  0.58190900295015113        2.7066666666666667E-003   310.70372968826302     
  0.58190900295015113        2.7299999999999998E-003   330.49291004582921     
  0.58190900295015113        2.7533333333333333E-003   351.88078103108785     
  0.58190900295015113        2.7766666666666669E-003   369.26794499031894     
  
  0.59796200118146425        2.0999999999999999E-003   99.804968696388030     
  0.59796200118146425        2.1233333333333334E-003   100.15088926379940     
  0.59796200118146425        2.1466666666666665E-003   96.288040513448934     
  0.59796200118146425        2.1700000000000001E-003   92.811522883436453     
  0.59796200118146425        2.1933333333333332E-003   96.299167542355079     
  0.59796200118146425        2.2166666666666667E-003   94.192062916812660     
  0.59796200118146425        2.2399999999999998E-003   93.830408201993009     
  0.59796200118146425        2.2633333333333333E-003   100.27635799333629     
  0.59796200118146425        2.2866666666666664E-003   100.01289122609296     
  0.59796200118146425        2.3100000000000000E-003   102.64957821621660     
  0.59796200118146425        2.3333333333333331E-003   111.81831993624581     
  0.59796200118146425        2.3566666666666666E-003   113.56096883790241     
  0.59796200118146425        2.3799999999999997E-003   119.08570128346746     
  0.59796200118146425        2.4033333333333333E-003   130.73255284266102     
  0.59796200118146425        2.4266666666666664E-003   134.64776922024058     
  0.59796200118146425        2.4499999999999999E-003   142.97616693430180     
  0.59796200118146425        2.4733333333333335E-003   156.83249592164333     
  0.59796200118146425        2.4966666666666666E-003   163.09973274775965     
  0.59796200118146425        2.5200000000000001E-003   174.17109410895259     
  0.59796200118146425        2.5433333333333332E-003   189.98992131307645     
  0.59796200118146425        2.5666666666666667E-003   198.75817492611245     
  0.59796200118146425        2.5899999999999999E-003   212.52092388313463     
  0.59796200118146425        2.6133333333333334E-003   230.07894496213410     
  0.59796200118146425        2.6366666666666665E-003   241.46408019795570     
  0.59796200118146425        2.6600000000000000E-003   257.87163705418078     
  0.59796200118146425        2.6833333333333331E-003   276.98111731938940     
  0.59796200118146425        2.7066666666666667E-003   291.05910402636476     
  0.59796200118146425        2.7299999999999998E-003   310.04746539857763     
  0.59796200118146425        2.7533333333333333E-003   330.58780641710251     
  0.59796200118146425        2.7766666666666669E-003   347.37350813733400     
  
  0.61391064348379698        2.0999999999999999E-003   98.833182044240672     
  0.61391064348379698        2.1233333333333334E-003   98.234849590906194     
  0.61391064348379698        2.1466666666666665E-003   93.707340981745929     
  0.61391064348379698        2.1700000000000001E-003   89.576069660729999     
  0.61391064348379698        2.1933333333333332E-003   92.076187197247421     
  0.61391064348379698        2.2166666666666667E-003   89.314789928332331     
  0.61391064348379698        2.2399999999999998E-003   88.251393558816247     
  0.61391064348379698        2.2633333333333333E-003   93.675710501323991     
  0.61391064348379698        2.2866666666666664E-003   92.767071727335335     
  0.61391064348379698        2.3100000000000000E-003   94.658400342438085     
  0.61391064348379698        2.3333333333333331E-003   102.78178701170518     
  0.61391064348379698        2.3566666666666666E-003   103.88396225317251     
  0.61391064348379698        2.3799999999999997E-003   108.62345666897399     
  0.61391064348379698        2.4033333333333333E-003   119.21151772872338     
  0.61391064348379698        2.4266666666666664E-003   122.48573810859190     
  0.61391064348379698        2.4499999999999999E-003   129.99230840384362     
  0.61391064348379698        2.4733333333333335E-003   142.78701179034752     
  0.61391064348379698        2.4966666666666666E-003   148.40636925095882     
  0.61391064348379698        2.5200000000000001E-003   158.62205641647654     
  0.61391064348379698        2.5433333333333332E-003   173.38614550789757     
  0.61391064348379698        2.5666666666666667E-003   181.49333400134768     
  0.61391064348379698        2.5899999999999999E-003   194.36935212025503     
  0.61391064348379698        2.6133333333333334E-003   210.88796396813487     
  0.61391064348379698        2.6366666666666665E-003   221.59309231833331     
  0.61391064348379698        2.6600000000000000E-003   237.08543651731100     
  0.61391064348379698        2.6833333333333331E-003   255.17786014167868     
  0.61391064348379698        2.7066666666666667E-003   268.55188866696977     
  0.61391064348379698        2.7299999999999998E-003   286.59959664910616     
  0.61391064348379698        2.7533333333333333E-003   306.14983620590323     
  0.61391064348379698        2.7766666666666669E-003   322.20420064353686     
  
  0.62973794025543250        2.0999999999999999E-003   98.677345903986804     
  0.62973794025543250        2.1233333333333334E-003   97.025123093256383     
  0.62973794025543250        2.1466666666666665E-003   91.735426301678785     
  0.62973794025543250        2.1700000000000001E-003   86.853424724898332     
  0.62973794025543250        2.1933333333333332E-003   88.250481180168165     
  0.62973794025543250        2.2166666666666667E-003   84.735832478629320     
  0.62973794025543250        2.2399999999999998E-003   82.869062321188409     
  0.62973794025543250        2.2633333333333333E-003   87.151206967951765     
  0.62973794025543250        2.2866666666666664E-003   85.496976045250662     
  0.62973794025543250        2.3100000000000000E-003   86.536344220041357     
  0.62973794025543250        2.3333333333333331E-003   93.489851134269884     
  0.62973794025543250        2.3566666666666666E-003   93.849361856267194     
  0.62973794025543250        2.3799999999999997E-003   97.692662856086585     
  0.62973794025543250        2.4033333333333333E-003   107.09441973247837     
  0.62973794025543250        2.4266666666666664E-003   109.62332502945792     
  0.62973794025543250        2.4499999999999999E-003   116.19323783011392     
  0.62973794025543250        2.4733333333333335E-003   127.79684897511267     
  0.62973794025543250        2.4966666666666666E-003   132.66145001462814     
  0.62973794025543250        2.5200000000000001E-003   141.90311857928833     
  0.62973794025543250        2.5433333333333332E-003   155.48195094968966     
  0.62973794025543250        2.5666666666666667E-003   162.81829025111705     
  0.62973794025543250        2.5899999999999999E-003   174.68599555026265     
  0.62973794025543250        2.6133333333333334E-003   190.03442804994935     
  0.62973794025543250        2.6366666666666665E-003   199.94657616257837     
  0.62973794025543250        2.6600000000000000E-003   214.39910950332015     
  0.62973794025543250        2.6833333333333331E-003   231.34409015485167     
  0.62973794025543250        2.7066666666666667E-003   243.89781468978512     
  0.62973794025543250        2.7299999999999998E-003   260.87749050048728     
  0.62973794025543250        2.7533333333333333E-003   279.30798466893481     
  0.62973794025543250        2.7766666666666669E-003   294.51129426175657     
  
  0.64542703116034317        2.0999999999999999E-003   99.776032406299706     
  0.64542703116034317        2.1233333333333334E-003   96.976404423699506     
  0.64542703116034317        2.1466666666666665E-003   90.840150074675350     
  0.64542703116034317        2.1700000000000001E-003   85.124578880549109     
  0.64542703116034317        2.1933333333333332E-003   85.319430815239883     
  0.64542703116034317        2.2166666666666667E-003   80.965418754329477     
  0.64542703116034317        2.2399999999999998E-003   78.207047833438608     
  0.64542703116034317        2.2633333333333333E-003   81.243026426354234     
  0.64542703116034317        2.2866666666666664E-003   78.755313609116300     
  0.64542703116034317        2.3100000000000000E-003   78.849735856071689     
  0.64542703116034317        2.3333333333333331E-003   84.525415430122578     
  0.64542703116034317        2.3566666666666666E-003   84.052316431209675     
  0.64542703116034317        2.3799999999999997E-003   86.902240697611617     
  0.64542703116034317        2.4033333333333333E-003   95.006666209530650     
  0.64542703116034317        2.4266666666666664E-003   96.697941647939416     
  0.64542703116034317        2.4499999999999999E-003   102.23024745668643     
  0.64542703116034317        2.4733333333333335E-003   112.52957241654701     
  0.64542703116034317        2.4966666666666666E-003   116.54435966239750     
  0.64542703116034317        2.5200000000000001E-003   124.70761783451489     
  0.64542703116034317        2.5433333333333332E-003   136.98662147073998     
  0.64542703116034317        2.5666666666666667E-003   143.45402037763432     
  0.64542703116034317        2.5899999999999999E-003   154.20582274985557     
  0.64542703116034317        2.6133333333333334E-003   168.26882820671236     
  0.64542703116034317        2.6366666666666665E-003   177.28664302712255     
  0.64542703116034317        2.6600000000000000E-003   190.58877102298743     
  0.64542703116034317        2.6833333333333331E-003   206.27094075197357     
  0.64542703116034317        2.7066666666666667E-003   217.89961074469068     
  0.64542703116034317        2.7299999999999998E-003   233.69786285008604     
  0.64542703116034317        2.7533333333333333E-003   250.89342996758720     
  0.64542703116034317        2.7766666666666669E-003   265.13756918896058     
  
  0.66096120308899187        2.0999999999999999E-003   102.60431423521463     
  0.66096120308899187        2.1233333333333334E-003   98.581271793769616     
  0.66096120308899187        2.1466666666666665E-003   91.528559898868366     
  0.66096120308899187        2.1700000000000001E-003   84.910993771746888     
  0.66096120308899187        2.1933333333333332E-003   83.822293700037747     
  0.66096120308899187        2.2166666666666667E-003   78.556953005750145     
  0.66096120308899187        2.2399999999999998E-003   74.833456803090527     
  0.66096120308899187        2.2633333333333333E-003   76.537240856290197     
  0.66096120308899187        2.2866666666666664E-003   73.141974983351204     
  0.66096120308899187        2.3100000000000000E-003   72.213393331893954     
  0.66096120308899187        2.3333333333333331E-003   76.521299762718982     
  0.66096120308899187        2.3566666666666666E-003   75.139169425627102     
  0.66096120308899187        2.3799999999999997E-003   76.913624289155422     
  0.66096120308899187        2.4033333333333333E-003   83.627598964942081     
  0.66096120308899187        2.4266666666666664E-003   84.402203549981408     
  0.66096120308899187        2.4499999999999999E-003   88.811155014127422     
  0.66096120308899187        2.4733333333333335E-003   97.710681672383373     
  0.66096120308899187        2.4966666666666666E-003   100.79368094710281     
  0.66096120308899187        2.5200000000000001E-003   107.78941055931263     
  0.66096120308899187        2.5433333333333332E-003   118.67134992596199     
  0.66096120308899187        2.5666666666666667E-003   124.18466955452041     
  0.66096120308899187        2.5899999999999999E-003   133.72828858557330     
  0.66096120308899187        2.6133333333333334E-003   146.40750613325505     
  0.66096120308899187        2.6366666666666665E-003   154.44251187283493     
  0.66096120308899187        2.6600000000000000E-003   166.49895634599540     
  0.66096120308899187        2.6833333333333331E-003   180.81929980378482     
  0.66096120308899187        2.7066666666666667E-003   191.43101543827521     
  0.66096120308899187        2.7299999999999998E-003   205.94974492429353     
  0.66096120308899187        2.7533333333333333E-003   221.81096740038805     
  0.66096120308899187        2.7766666666666669E-003   235.00067639438484     
  
  0.67632390796229658        2.0999999999999999E-003   107.66309856603702     
  0.67632390796229658        2.1233333333333334E-003   102.35922382259038     
  0.67632390796229658        2.1466666666666665E-003   94.335680228750590     
  0.67632390796229658        2.1700000000000001E-003   86.763130312593475     
  0.67632390796229658        2.1933333333333332E-003   84.328432965394711     
  0.67632390796229658        2.2166666666666667E-003   78.094997307456580     
  0.67632390796229658        2.2399999999999998E-003   73.348594942001071     
  0.67632390796229658        2.2633333333333333E-003   73.653241377810204     
  0.67632390796229658        2.2866666666666664E-003   69.291217295425483     
  0.67632390796229658        2.3100000000000000E-003   67.277555459557647     
  0.67632390796229658        2.3333333333333331E-003   70.146871612208983     
  0.67632390796229658        2.3566666666666666E-003   67.793855490914140     
  0.67632390796229658        2.3799999999999997E-003   68.426901071392265     
  0.67632390796229658        2.4033333333333333E-003   73.676340164100054     
  0.67632390796229658        2.4266666666666664E-003   73.469547733587859     
  0.67632390796229658        2.4499999999999999E-003   76.685665920535982     
  0.67632390796229658        2.4733333333333335E-003   84.108684423495490     
  0.67632390796229658        2.4966666666666666E-003   86.192045041597439     
  0.67632390796229658        2.5200000000000001E-003   91.947469033266756     
  0.67632390796229658        2.5433333333333332E-003   101.35355349460396     
  0.67632390796229658        2.5666666666666667E-003   105.84164797081432     
  0.67632390796229658        2.5899999999999999E-003   114.10117951056073     
  0.67632390796229658        2.6133333333333334E-003   125.31622681103744     
  0.67632390796229658        2.6366666666666665E-003   132.29386689930209     
  0.67632390796229658        2.6600000000000000E-003   143.02573001851002     
  0.67632390796229658        2.6833333333333331E-003   155.90265595243966     
  0.67632390796229658        2.7066666666666667E-003   165.41941172175265     
  0.67632390796229658        2.7299999999999998E-003   178.57687218532718     
  0.67632390796229658        2.7533333333333333E-003   193.02114636777500     
  0.67632390796229658        2.7766666666666669E-003   205.07506537813177     
  
  0.69149878035979495        2.0999999999999999E-003   115.46781192301019     
  0.69149878035979495        2.1233333333333334E-003   108.84505006831965     
  0.69149878035979495        2.1466666666666665E-003   99.812612104050388     
  0.69149878035979495        2.1700000000000001E-003   91.248277784914578     
  0.69149878035979495        2.1933333333333332E-003   87.424829909794894     
  0.69149878035979495        2.2166666666666667E-003   80.182520130493373     
  0.69149878035979495        2.2399999999999998E-003   74.371943168023122     
  0.69149878035979495        2.2633333333333333E-003   73.230397749307997     
  0.69149878035979495        2.2866666666666664E-003   67.858066671735997     
  0.69149878035979495        2.3100000000000000E-003   64.714011222980886     
  0.69149878035979495        2.3333333333333331E-003   66.093860617935732     
  0.69149878035979495        2.3566666666666666E-003   62.723464648378012     
  0.69149878035979495        2.3799999999999997E-003   62.166103430011660     
  0.69149878035979495        2.4033333333333333E-003   65.896772843097182     
  0.69149878035979495        2.4266666666666664E-003   64.658968910502736     
  0.69149878035979495        2.4499999999999999E-003   66.629838310916540     
  0.69149878035979495        2.4733333333333335E-003   72.519256222166561     
  0.69149878035979495        2.4966666666666666E-003   73.550052512192508     
  0.69149878035979495        2.5200000000000001E-003   78.009533088445266     
  0.69149878035979495        2.5433333333333332E-003   85.880227664103444     
  0.69149878035979495        2.5666666666666667E-003   89.286750715013795     
  0.69149878035979495        2.5899999999999999E-003   96.203466622962026     
  0.69149878035979495        2.6133333333333334E-003   105.89274309464405     
  0.69149878035979495        2.6366666666666665E-003   111.75319198001041     
  0.69149878035979495        2.6600000000000000E-003   121.09875640322160     
  0.69149878035979495        2.6833333333333331E-003   132.46889114251854     
  0.69149878035979495        2.7066666666666667E-003   140.82739258321814     
  0.69149878035979495        2.7299999999999998E-003   152.55898946715814     
  0.69149878035979495        2.7533333333333333E-003   165.52130877519900     
  0.69149878035979495        2.7766666666666669E-003   176.37279864402683     
  
  0.70646965495322600        2.0999999999999999E-003   126.53664211573388     
  0.70646965495322600        2.1233333333333334E-003   118.57674677800118     
  0.70646965495322600        2.1466666666666665E-003   108.51416595992185     
  0.70646965495322600        2.1700000000000001E-003   98.937904508269966     
  0.70646965495322600        2.1933333333333332E-003   93.703106313944645     
  0.70646965495322600        2.2166666666666667E-003   85.427642589513766     
  0.70646965495322600        2.2399999999999998E-003   78.528619936596940     
  0.70646965495322600        2.2633333333333333E-003   75.914192132293792     
  0.70646965495322600        2.2866666666666664E-003   69.504183077363734     
  0.70646965495322600        2.3100000000000000E-003   65.201680100006200     
  0.70646965495322600        2.3333333333333331E-003   65.061612232348338     
  0.70646965495322600        2.3566666666666666E-003   60.643233843048549     
  0.70646965495322600        2.3799999999999997E-003   58.863916231288762     
  0.70646965495322600        2.4033333333333333E-003   61.041925735544289     
  0.70646965495322600        2.4266666666666664E-003   58.739148535714506     
  0.70646965495322600        2.4499999999999999E-003   59.429929450573155     
  0.70646965495322600        2.4733333333333335E-003   63.748770211003034     
  0.70646965495322600        2.4966666666666666E-003   63.689552801497776     
  0.70646965495322600        2.5200000000000001E-003   66.815109062387819     
  0.70646965495322600        2.5433333333333332E-003   73.110636349310951     
  0.70646965495322600        2.5666666666666667E-003   75.394602460146217     
  0.70646965495322600        2.5899999999999999E-003   80.927472477272872     
  0.70646965495322600        2.6133333333333334E-003   89.048663161968122     
  0.70646965495322600        2.6366666666666665E-003   93.747396754775764     
  0.70646965495322600        2.6600000000000000E-003   101.66265100360079     
  0.70646965495322600        2.6833333333333331E-003   111.48134334586052     
  0.70646965495322600        2.7066666666666667E-003   118.63358585916727     
  0.70646965495322600        2.7299999999999998E-003   128.89240454994942     
  0.70646965495322600        2.7533333333333333E-003   140.32586558315319     
  0.70646965495322600        2.7766666666666669E-003   149.92359338994365     
  
  0.72122058372696063        2.0999999999999999E-003   141.37855155326636     
  0.72122058372696063        2.1233333333333334E-003   132.08319772450616     
  0.72122058372696063        2.1466666666666665E-003   120.98625225843627     
  0.72122058372696063        2.1700000000000001E-003   110.39475969977057     
  0.72122058372696063        2.1933333333333332E-003   103.74629164572536     
  0.72122058372696063        2.2166666666666667E-003   94.430122324551050     
  0.72122058372696063        2.2399999999999998E-003   86.435574552285871     
  0.72122058372696063        2.2633333333333333E-003   82.342077556642209     
  0.72122058372696063        2.2866666666666664E-003   74.883442615649088     
  0.72122058372696063        2.3100000000000000E-003   69.411903204342991     
  0.72122058372696063        2.3333333333333331E-003   67.742045965869679     
  0.72122058372696063        2.3566666666666666E-003   62.261235863357477     
  0.72122058372696063        2.3799999999999997E-003   59.246075128834136     
  0.72122058372696063        2.4033333333333333E-003   59.858042715152514     
  0.72122058372696063        2.4266666666666664E-003   56.472261246674435     
  0.72122058372696063        2.4499999999999999E-003   55.865913030900153     
  0.72122058372696063        2.4733333333333335E-003   58.597491664558554     
  0.72122058372696063        2.4966666666666666E-003   57.426581350154514     
  0.72122058372696063        2.5200000000000001E-003   59.198119947840041     
  0.72122058372696063        2.5433333333333332E-003   63.898647254392309     
  0.72122058372696063        2.5666666666666667E-003   65.034740240933260     
  0.72122058372696063        2.5899999999999999E-003   69.160669642672516     
  0.72122058372696063        2.6133333333333334E-003   75.690943869027478     
  0.72122058372696063        2.6366666666666665E-003   79.199061521553730     
  0.72122058372696063        2.6600000000000000E-003   85.657944349061907     
  0.72122058372696063        2.6833333333333331E-003   93.899476116137208     
  0.72122058372696063        2.7066666666666667E-003   99.813078829480474     
  0.72122058372696063        2.7299999999999998E-003   108.57013539706840     
  0.72122058372696063        2.7533333333333333E-003   118.44616138614728     
  0.72122058372696063        2.7766666666666669E-003   126.75444425894865     
  
  0.73573585296693722        2.0999999999999999E-003   160.48128065572209     
  0.73573585296693722        2.1233333333333334E-003   149.87184451790503     
  0.73573585296693722        2.1466666666666665E-003   137.75325931161356     
  0.73573585296693722        2.1700000000000001E-003   126.15996087204496     
  0.73573585296693722        2.1933333333333332E-003   118.11557519343678     
  0.73573585296693722        2.2166666666666667E-003   107.76781991544452     
  0.73573585296693722        2.2399999999999998E-003   98.687761348706559     
  0.73573585296693722        2.2633333333333333E-003   93.129316654028187     
  0.73573585296693722        2.2866666666666664E-003   84.627497586882924     
  0.73573585296693722        2.3100000000000000E-003   77.993710529029343     
  0.73573585296693722        2.3333333333333331E-003   74.804589138605721     
  0.73573585296693722        2.3566666666666666E-003   68.263041149517079     
  0.73573585296693722        2.3799999999999997E-003   64.015736119618552     
  0.73573585296693722        2.4033333333333333E-003   63.068622887568893     
  0.73573585296693722        2.4266666666666664E-003   58.597749235339556     
  0.73573585296693722        2.4499999999999999E-003   56.694962783467453     
  0.73573585296693722        2.4733333333333335E-003   57.842738232448973     
  0.73573585296693722        2.4966666666666666E-003   55.554259619487176     
  0.73573585296693722        2.5200000000000001E-003   55.969516860004788     
  0.73573585296693722        2.5433333333333332E-003   59.075027898343514     
  0.73573585296693722        2.5666666666666667E-003   59.053654032176205     
  0.73573585296693722        2.5899999999999999E-003   61.767435512787920     
  0.73573585296693722        2.6133333333333334E-003   66.703339644884807     
  0.73573585296693722        2.6366666666666665E-003   69.007634767157384     
  0.73573585296693722        2.6600000000000000E-003   74.001997005287350     
  0.73573585296693722        2.6833333333333331E-003   80.659498478225359     
  0.73573585296693722        2.7066666666666667E-003   85.317790230347768     
  0.73573585296693722        2.7299999999999998E-003   92.562003336772563     
  0.73573585296693722        2.7533333333333333E-003   100.87028404000044     
  0.73573585296693722        2.7766666666666669E-003   107.86918823113248     
  
