  0.22984884706593015        2.2000000000000001E-003   176.93447340060655     
  0.22984884706593015        2.2166666666666667E-003   173.24980360873505     
  0.22984884706593015        2.2333333333333333E-003   169.68530228344216     
  0.22984884706593015        2.2500000000000003E-003   166.24129430314241     
  0.22984884706593015        2.2666666666666668E-003   162.91758366591341     
  0.22984884706593015        2.2833333333333334E-003   159.71446966444341     
  0.22984884706593015        2.3000000000000000E-003   156.63220064011230     
  0.22984884706593015        2.3166666666666670E-003   153.67098195986540     
  0.22984884706593015        2.3333333333333335E-003   150.83124527016963     
  0.22984884706593015        2.3500000000000001E-003   148.11354771651935     
  0.22984884706593015        2.3666666666666667E-003   145.51821922858758     
  0.22984884706593015        2.3833333333333337E-003   143.04601175023208     
  0.22984884706593015        2.4000000000000002E-003   140.69742905099349     
  0.22984884706593015        2.4166666666666668E-003   138.47337195914776     
  0.22984884706593015        2.4333333333333334E-003   136.37449443476714     
  0.22984884706593015        2.4499999999999999E-003   134.40168284212760     
  0.22984884706593015        2.4666666666666669E-003   132.55593753456108     
  0.22984884706593015        2.4833333333333335E-003   130.83807948327518     
  0.22984884706593015        2.5000000000000001E-003   129.24923325532507     
  0.22984884706593015        2.5166666666666666E-003   127.79056564352595     
  0.22984884706593015        2.5333333333333336E-003   126.46310293452534     
  0.22984884706593015        2.5500000000000002E-003   125.26801242304163     
  0.22984884706593015        2.5666666666666667E-003   124.20663501274151     
  0.22984884706593015        2.5833333333333333E-003   123.28014636025917     
  0.22984884706593015        2.6000000000000003E-003   122.48993140975423     
  0.22984884706593015        2.6166666666666669E-003   121.83727374969769     
  0.22984884706593015        2.6333333333333334E-003   121.32352495370972     
  0.22984884706593015        2.6500000000000000E-003   120.95014194725898     
  0.22984884706593015        2.6666666666666670E-003   120.71844560468078     
  0.22984884706593015        2.6833333333333336E-003   120.62997487363627     
  
  0.24402083656870999        2.2000000000000001E-003   157.16642098843278     
  0.24402083656870999        2.2166666666666667E-003   153.61806157501883     
  0.24402083656870999        2.2333333333333333E-003   150.19072076693018     
  0.24402083656870999        2.2500000000000003E-003   146.88464858824213     
  0.24402083656870999        2.2666666666666668E-003   143.69962241766368     
  0.24402083656870999        2.2833333333333334E-003   140.63591151525711     
  0.24402083656870999        2.3000000000000000E-003   137.69373805513553     
  0.24402083656870999        2.3166666666666670E-003   134.87331515451672     
  0.24402083656870999        2.3333333333333335E-003   132.17507341418857     
  0.24402083656870999        2.3500000000000001E-003   129.59957483616009     
  0.24402083656870999        2.3666666666666667E-003   127.14720284467751     
  0.24402083656870999        2.3833333333333337E-003   124.81872484186084     
  0.24402083656870999        2.4000000000000002E-003   122.61472148285200     
  0.24402083656870999        2.4166666666666668E-003   120.53613428276930     
  0.24402083656870999        2.4333333333333334E-003   118.58370303999635     
  0.24402083656870999        2.4499999999999999E-003   116.75840632341824     
  0.24402083656870999        2.4666666666666669E-003   115.06131634689926     
  0.24402083656870999        2.4833333333333335E-003   113.49338282692054     
  0.24402083656870999        2.5000000000000001E-003   112.05583688257371     
  0.24402083656870999        2.5166666666666666E-003   110.74995801134629     
  0.24402083656870999        2.5333333333333336E-003   109.57692664454692     
  0.24402083656870999        2.5500000000000002E-003   108.53804891466382     
  0.24402083656870999        2.5666666666666667E-003   107.63480734901417     
  0.24402083656870999        2.5833333333333333E-003   106.86854903101656     
  0.24402083656870999        2.6000000000000003E-003   106.24081764759467     
  0.24402083656870999        2.6166666666666669E-003   105.75308044057384     
  0.24402083656870999        2.6333333333333334E-003   105.40687426649546     
  0.24402083656870999        2.6500000000000000E-003   105.20383960438498     
  0.24402083656870999        2.6666666666666670E-003   105.14549718513555     
  0.24402083656870999        2.6833333333333336E-003   105.23358633716542     
  
  0.25847722102986170        2.2000000000000001E-003   140.02977014017506     
  0.25847722102986170        2.2166666666666667E-003   136.63521924090196     
  0.25847722102986170        2.2333333333333333E-003   133.36218267696194     
  0.25847722102986170        2.2500000000000003E-003   130.21083444056387     
  0.25847722102986170        2.2666666666666668E-003   127.18092318729967     
  0.25847722102986170        2.2833333333333334E-003   124.27268577745160     
  0.25847722102986170        2.3000000000000000E-003   121.48631788620486     
  0.25847722102986170        2.3166666666666670E-003   118.82203790855758     
  0.25847722102986170        2.3333333333333335E-003   116.28027505482085     
  0.25847722102986170        2.3500000000000001E-003   113.86159636410285     
  0.25847722102986170        2.3666666666666667E-003   111.56643632425681     
  0.25847722102986170        2.3833333333333337E-003   109.39557971503379     
  0.25847722102986170        2.4000000000000002E-003   107.34968215385531     
  0.25847722102986170        2.4166666666666668E-003   105.42972744821679     
  0.25847722102986170        2.4333333333333334E-003   103.63654124792710     
  0.25847722102986170        2.4499999999999999E-003   101.97119352646074     
  0.25847722102986170        2.4666666666666669E-003   100.43483237742761     
  0.25847722102986170        2.4833333333333335E-003   99.028535424082904     
  0.25847722102986170        2.5000000000000001E-003   97.753641447819447     
  0.25847722102986170        2.5166666666666666E-003   96.611546489914645     
  0.25847722102986170        2.5333333333333336E-003   95.603584451591473     
  0.25847722102986170        2.5500000000000002E-003   94.731203183201558     
  0.25847722102986170        2.5666666666666667E-003   93.996029729209340     
  0.25847722102986170        2.5833333333333333E-003   93.399584719635953     
  0.25847722102986170        2.6000000000000003E-003   92.943573507709885     
  0.25847722102986170        2.6166666666666669E-003   92.629649921991899     
  0.25847722102986170        2.6333333333333334E-003   92.459538750010495     
  0.25847722102986170        2.6500000000000000E-003   92.435067122052573     
  0.25847722102986170        2.6666666666666670E-003   92.557960893356949     
  0.25847722102986170        2.6833333333333336E-003   92.830161023450458     
  
  0.27320193928721137        2.2000000000000001E-003   125.37936912092225     
  0.27320193928721137        2.2166666666666667E-003   122.15288259225622     
  0.27320193928721137        2.2333333333333333E-003   119.04808664397443     
  0.27320193928721137        2.2500000000000003E-003   116.06507888226051     
  0.27320193928721137        2.2666666666666668E-003   113.20357761475142     
  0.27320193928721137        2.2833333333333334E-003   110.46378544860298     
  0.27320193928721137        2.3000000000000000E-003   107.84587151400851     
  0.27320193928721137        2.3166666666666670E-003   105.35005718131546     
  0.27320193928721137        2.3333333333333335E-003   102.97677007937999     
  0.27320193928721137        2.3500000000000001E-003   100.72658234821496     
  0.27320193928721137        2.3666666666666667E-003   98.599976896886218     
  0.27320193928721137        2.3833333333333337E-003   96.597757549500017     
  0.27320193928721137        2.4000000000000002E-003   94.720652424947218     
  0.27320193928721137        2.4166666666666668E-003   92.969688746897376     
  0.27320193928721137        2.4333333333333334E-003   91.345777308438855     
  0.27320193928721137        2.4499999999999999E-003   89.850077950771691     
  0.27320193928721137        2.4666666666666669E-003   88.483817633160598     
  0.27320193928721137        2.4833333333333335E-003   87.248200003757603     
  0.27320193928721137        2.5000000000000001E-003   86.144671612925237     
  0.27320193928721137        2.5166666666666666E-003   85.174747481232203     
  0.27320193928721137        2.5333333333333336E-003   84.339913016700521     
  0.27320193928721137        2.5500000000000002E-003   83.641759181493981     
  0.27320193928721137        2.5666666666666667E-003   83.082058909126346     
  0.27320193928721137        2.5833333333333333E-003   82.662506735954366     
  0.27320193928721137        2.6000000000000003E-003   82.384970936479675     
  0.27320193928721137        2.6166666666666669E-003   82.251292925528162     
  0.27320193928721137        2.6333333333333334E-003   82.263386186187319     
  0.27320193928721137        2.6500000000000000E-003   82.423265664921360     
  0.27320193928721137        2.6666666666666670E-003   82.732865332204966     
  0.27320193928721137        2.6833333333333336E-003   83.194327102197462     
  
  0.28817863205752775        2.2000000000000001E-003   113.04443703570399     
  0.28817863205752775        2.2166666666666667E-003   109.99679647601843     
  0.28817863205752775        2.2333333333333333E-003   107.07074205207596     
  0.28817863205752775        2.2500000000000003E-003   104.26629547814289     
  0.28817863205752775        2.2666666666666668E-003   101.58314360280522     
  0.28817863205752775        2.2833333333333334E-003   99.021453472532642     
  0.28817863205752775        2.3000000000000000E-003   96.581367921816366     
  0.28817863205752775        2.3166666666666670E-003   94.263109192938927     
  0.28817863205752775        2.3333333333333335E-003   92.067103296440237     
  0.28817863205752775        2.3500000000000001E-003   89.993927416641299     
  0.28817863205752775        2.3666666666666667E-003   88.044110051272639     
  0.28817863205752775        2.3833333333333337E-003   86.218475450878884     
  0.28817863205752775        2.4000000000000002E-003   84.517821247775004     
  0.28817863205752775        2.4166666666666668E-003   82.943218691570237     
  0.28817863205752775        2.4333333333333334E-003   81.495662270476942     
  0.28817863205752775        2.4499999999999999E-003   80.176399410819911     
  0.28817863205752775        2.4666666666666669E-003   78.986737822392897     
  0.28817863205752775        2.4833333333333335E-003   77.928004238195911     
  0.28817863205752775        2.5000000000000001E-003   77.001752039250931     
  0.28817863205752775        2.5166666666666666E-003   76.209616186983396     
  0.28817863205752775        2.5333333333333336E-003   75.553230321645458     
  0.28817863205752775        2.5500000000000002E-003   75.034328357546499     
  0.28817863205752775        2.5666666666666667E-003   74.654828898598055     
  0.28817863205752775        2.5833333333333333E-003   74.416598928042418     
  0.28817863205752775        2.6000000000000003E-003   74.321669155758627     
  0.28817863205752775        2.6166666666666669E-003   74.372067574594638     
  0.28817863205752775        2.6333333333333334E-003   74.569895170194982     
  0.28817863205752775        2.6500000000000000E-003   74.917353860326443     
  0.28817863205752775        2.6666666666666670E-003   75.416586335064181     
  0.28817863205752775        2.6833333333333336E-003   76.069932803233684     
  
  0.30339066011182109        2.2000000000000001E-003   102.83350960493195     
  0.30339066011182109        2.2166666666666667E-003   99.971854229217200     
  0.30339066011182109        2.2333333333333333E-003   97.231441647408190     
  0.30339066011182109        2.2500000000000003E-003   94.612219035091073     
  0.30339066011182109        2.2666666666666668E-003   92.113841211135281     
  0.30339066011182109        2.2833333333333334E-003   89.736438921786657     
  0.30339066011182109        2.3000000000000000E-003   87.480129255708761     
  0.30339066011182109        2.3166666666666670E-003   85.345133447633415     
  0.30339066011182109        2.3333333333333335E-003   83.331876003010663     
  0.30339066011182109        2.3500000000000001E-003   81.440938972194289     
  0.30339066011182109        2.3666666666666667E-003   79.672893441740470     
  0.30339066011182109        2.3833333333333337E-003   78.028585157416131     
  0.30339066011182109        2.4000000000000002E-003   76.508877767311077     
  0.30339066011182109        2.4166666666666668E-003   75.114886617379312     
  0.30339066011182109        2.4333333333333334E-003   73.847687693975260     
  0.30339066011182109        2.4499999999999999E-003   72.708612981461357     
  0.30339066011182109        2.4666666666666669E-003   71.699051673397051     
  0.30339066011182109        2.4833333333333335E-003   70.820449589245698     
  0.30339066011182109        2.5000000000000001E-003   70.074464929863709     
  0.30339066011182109        2.5166666666666666E-003   69.462852038031798     
  0.30339066011182109        2.5333333333333336E-003   68.987388195334944     
  0.30339066011182109        2.5500000000000002E-003   68.649948510060014     
  0.30339066011182109        2.5666666666666667E-003   68.452595401505079     
  0.30339066011182109        2.5833333333333333E-003   68.397364989715101     
  0.30339066011182109        2.6000000000000003E-003   68.486448146164662     
  0.30339066011182109        2.6166666666666669E-003   68.722056381994875     
  0.30339066011182109        2.6333333333333334E-003   69.106474989063443     
  0.30339066011182109        2.6500000000000000E-003   69.642089954730778     
  0.30339066011182109        2.6666666666666670E-003   70.331250832688653     
  0.30339066011182109        2.6833333333333336E-003   71.176491455340468     
  
  0.31882112276166324        2.2000000000000001E-003   94.539661380071934     
  0.31882112276166324        2.2166666666666667E-003   91.867386629297741     
  0.31882112276166324        2.2333333333333333E-003   89.315816304552442     
  0.31882112276166324        2.2500000000000003E-003   86.884825251545465     
  0.31882112276166324        2.2666666666666668E-003   84.574036247305784     
  0.31882112276166324        2.2833333333333334E-003   82.383543578433517     
  0.31882112276166324        2.3000000000000000E-003   80.313439438754784     
  0.31882112276166324        2.3166666666666670E-003   78.363942420444644     
  0.31882112276166324        2.3333333333333335E-003   76.535475778826950     
  0.31882112276166324        2.3500000000000001E-003   74.828626131431122     
  0.31882112276166324        2.3666666666666667E-003   73.244004010802996     
  0.31882112276166324        2.3833333333333337E-003   71.782477388445614     
  0.31882112276166324        2.4000000000000002E-003   70.444971945977230     
  0.31882112276166324        2.4166666666666668E-003   69.232646638823965     
  0.31882112276166324        2.4333333333333334E-003   68.146656007065090     
  0.31882112276166324        2.4499999999999999E-003   67.188412833197674     
  0.31882112276166324        2.4666666666666669E-003   66.359387343485011     
  0.31882112276166324        2.4833333333333335E-003   65.661139401985764     
  0.31882112276166324        2.5000000000000001E-003   65.095428932918139     
  0.31882112276166324        2.5166666666666666E-003   64.664127556925678     
  0.31882112276166324        2.5333333333333336E-003   64.369150303436015     
  0.31882112276166324        2.5500000000000002E-003   64.212510096767360     
  0.31882112276166324        2.5666666666666667E-003   64.196409658488008     
  0.31882112276166324        2.5833333333333333E-003   64.323049081852503     
  0.31882112276166324        2.6000000000000003E-003   64.594775317561442     
  0.31882112276166324        2.6166666666666669E-003   65.013978271399139     
  0.31882112276166324        2.6333333333333334E-003   65.583122325412063     
  0.31882112276166324        2.6500000000000000E-003   66.304772562014506     
  0.31882112276166324        2.6666666666666670E-003   67.181481045675909     
  0.31882112276166324        2.6833333333333336E-003   68.215968552555978     
  
  0.33445287663599166        2.2000000000000001E-003   87.945903596385250     
  0.33445287663599166        2.2166666666666667E-003   85.462628168730419     
  0.33445287663599166        2.2333333333333333E-003   83.099368777190548     
  0.33445287663599166        2.2500000000000003E-003   80.855930983877556     
  0.33445287663599166        2.2666666666666668E-003   78.731906079620288     
  0.33445287663599166        2.2833333333333334E-003   76.727352313774858     
  0.33445287663599166        2.3000000000000000E-003   74.842338133223933     
  0.33445287663599166        2.3166666666666670E-003   73.077078112992467     
  0.33445287663599166        2.3333333333333335E-003   71.431994642375912     
  0.33445287663599166        2.3500000000000001E-003   69.907678490140142     
  0.33445287663599166        2.3666666666666667E-003   68.504776374491939     
  0.33445287663599166        2.3833333333333337E-003   67.224178863967353     
  0.33445287663599166        2.4000000000000002E-003   66.066869239125907     
  0.33445287663599166        2.4166666666666668E-003   65.034049010488530     
  0.33445287663599166        2.4333333333333334E-003   64.126947591767049     
  0.33445287663599166        2.4499999999999999E-003   63.347054092994000     
  0.33445287663599166        2.4666666666666669E-003   62.695918123670005     
  0.33445287663599166        2.4833333333333335E-003   62.175207537005519     
  0.33445287663599166        2.5000000000000001E-003   61.786779800136507     
  0.33445287663599166        2.5166666666666666E-003   61.532620165859520     
  0.33445287663599166        2.5333333333333336E-003   61.414774247938524     
  0.33445287663599166        2.5500000000000002E-003   61.435387791805454     
  0.33445287663599166        2.5666666666666667E-003   61.596798653006353     
  0.33445287663599166        2.5833333333333333E-003   61.901363907012708     
  0.33445287663599166        2.6000000000000003E-003   62.351580698994660     
  0.33445287663599166        2.6166666666666669E-003   62.950010161216241     
  0.33445287663599166        2.6333333333333334E-003   63.699288543869407     
  0.33445287663599166        2.6500000000000000E-003   64.602152992723603     
  0.33445287663599166        2.6666666666666670E-003   65.661351235043085     
  0.33445287663599166        2.6833333333333336E-003   66.879782334938142     
  
  0.35026855472753610        2.2000000000000001E-003   82.830654180838167     
  0.35026855472753610        2.2166666666666667E-003   80.532255948680415     
  0.35026855472753610        2.2333333333333333E-003   78.353080522036379     
  0.35026855472753610        2.2500000000000003E-003   76.292868030641159     
  0.35026855472753610        2.2666666666666668E-003   74.351179402737912     
  0.35026855472753610        2.2833333333333334E-003   72.528037845953747     
  0.35026855472753610        2.3000000000000000E-003   70.823489496091753     
  0.35026855472753610        2.3166666666666670E-003   69.237743807995713     
  0.35026855472753610        2.3333333333333335E-003   67.771222801436991     
  0.35026855472753610        2.3500000000000001E-003   66.424520869275682     
  0.35026855472753610        2.3666666666666667E-003   65.198317564079346     
  0.35026855472753610        2.3833333333333337E-003   64.093526046815100     
  0.35026855472753610        2.4000000000000002E-003   63.111182349289038     
  0.35026855472753610        2.4166666666666668E-003   62.252528912887421     
  0.35026855472753610        2.4333333333333334E-003   61.518865631317958     
  0.35026855472753610        2.4499999999999999E-003   60.911752793273479     
  0.35026855472753610        2.4666666666666669E-003   60.432816548307621     
  0.35026855472753610        2.4833333333333335E-003   60.083825714575099     
  0.35026855472753610        2.5000000000000001E-003   59.866730054323682     
  0.35026855472753610        2.5166666666666666E-003   59.783623291190182     
  0.35026855472753610        2.5333333333333336E-003   59.836673240939710     
  0.35026855472753610        2.5500000000000002E-003   60.028151885329024     
  0.35026855472753610        2.5666666666666667E-003   60.360525418160371     
  0.35026855472753610        2.5833333333333333E-003   60.836299133733206     
  0.35026855472753610        2.6000000000000003E-003   61.458112717780423     
  0.35026855472753610        2.6166666666666669E-003   62.228689367629613     
  0.35026855472753610        2.6333333333333334E-003   63.150828017334973     
  0.35026855472753610        2.6500000000000000E-003   64.227428834542039     
  0.35026855472753610        2.6666666666666670E-003   65.461425906306516     
  0.35026855472753610        2.6833333333333336E-003   66.855886015966263     
  
  0.36625058568770630        2.2000000000000001E-003   78.973175625510606     
  0.36625058568770630        2.2166666666666667E-003   76.851895671060191     
  0.36625058568770630        2.2333333333333333E-003   74.848984861973122     
  0.36625058568770630        2.2500000000000003E-003   72.964122505211051     
  0.36625058568770630        2.2666666666666668E-003   71.196840849207305     
  0.36625058568770630        2.2833333333333334E-003   69.547129609514826     
  0.36625058568770630        2.3000000000000000E-003   68.015014321087719     
  0.36625058568770630        2.3166666666666670E-003   66.600698493432930     
  0.36625058568770630        2.3333333333333335E-003   65.304604365127659     
  0.36625058568770630        2.3500000000000001E-003   64.127329322929256     
  0.36625058568770630        2.3666666666666667E-003   63.069582338780720     
  0.36625058568770630        2.3833333333333337E-003   62.132298773412302     
  0.36625058568770630        2.4000000000000002E-003   61.316562194882387     
  0.36625058568770630        2.4166666666666668E-003   60.623653786931250     
  0.36625058568770630        2.4333333333333334E-003   60.054938848362994     
  0.36625058568770630        2.4499999999999999E-003   59.612043061856028     
  0.36625058568770630        2.4666666666666669E-003   59.296665103490724     
  0.36625058568770630        2.4833333333333335E-003   59.110666822692394     
  0.36625058568770630        2.5000000000000001E-003   59.056083993072164     
  0.36625058568770630        2.5166666666666666E-003   59.135112183343168     
  0.36625058568770630        2.5333333333333336E-003   59.350031879440238     
  0.36625058568770630        2.5500000000000002E-003   59.703233175907975     
  0.36625058568770630        2.5666666666666667E-003   60.197302233930827     
  0.36625058568770630        2.5833333333333333E-003   60.834882114180402     
  0.36625058568770630        2.6000000000000003E-003   61.618745679866123     
  0.36625058568770630        2.6166666666666669E-003   62.551767121276093     
  0.36625058568770630        2.6333333333333334E-003   63.636896983262488     
  0.36625058568770630        2.6500000000000000E-003   64.877187482698972     
  0.36625058568770630        2.6666666666666670E-003   66.275747386566493     
  0.36625058568770630        2.6833333333333336E-003   67.835798808478771     
  
  0.38238121334850533        2.2000000000000001E-003   76.158877512267082     
  0.38238121334850533        2.2166666666666667E-003   74.203490297914058     
  0.38238121334850533        2.2333333333333333E-003   72.365600858026525     
  0.38238121334850533        2.2500000000000003E-003   70.644832984790128     
  0.38238121334850533        2.2666666666666668E-003   69.040692471121034     
  0.38238121334850533        2.2833333333333334E-003   67.553137615374780     
  0.38238121334850533        2.3000000000000000E-003   66.182175318185642     
  0.38238121334850533        2.3166666666666670E-003   64.928002597911018     
  0.38238121334850533        2.3333333333333335E-003   63.791042567938966     
  0.38238121334850533        2.3500000000000001E-003   62.771894886013101     
  0.38238121334850533        2.3666666666666667E-003   61.871294492593115     
  0.38238121334850533        2.3833333333333337E-003   61.090198159868393     
  0.38238121334850533        2.4000000000000002E-003   60.429731461769002     
  0.38238121334850533        2.4166666666666668E-003   59.891211585006033     
  0.38238121334850533        2.4333333333333334E-003   59.476063519411056     
  0.38238121334850533        2.4499999999999999E-003   59.185971973164101     
  0.38238121334850533        2.4666666666666669E-003   59.022703006744024     
  0.38238121334850533        2.4833333333333335E-003   58.988202730794214     
  0.38238121334850533        2.5000000000000001E-003   59.084585656506725     
  0.38238121334850533        2.5166666666666666E-003   59.314141182348393     
  0.38238121334850533        2.5333333333333336E-003   59.679251869829145     
  0.38238121334850533        2.5500000000000002E-003   60.182416338438792     
  0.38238121334850533        2.5666666666666667E-003   60.826330846891011     
  0.38238121334850533        2.5833333333333333E-003   61.613764191266455     
  0.38238121334850533        2.6000000000000003E-003   62.547611425897131     
  0.38238121334850533        2.6166666666666669E-003   63.630884864068761     
  0.38238121334850533        2.6333333333333334E-003   64.866673801798498     
  0.38238121334850533        2.6500000000000000E-003   66.258169710177668     
  0.38238121334850533        2.6666666666666670E-003   67.808642094494090     
  0.38238121334850533        2.6833333333333336E-003   69.521454310681207     
  
  0.39864251644977827        2.2000000000000001E-003   74.184383411823632     
  0.39864251644977827        2.2166666666666667E-003   72.380429920281443     
  0.39864251644977827        2.2333333333333333E-003   70.693125268261156     
  0.39864251644977827        2.2500000000000003E-003   69.122043667067146     
  0.39864251644977827        2.2666666666666668E-003   67.666667193715142     
  0.39864251644977827        2.2833333333333334E-003   66.326925291097481     
  0.39864251644977827        2.3000000000000000E-003   65.102808426091570     
  0.39864251644977827        2.3166666666666670E-003   63.994506856124680     
  0.39864251644977827        2.3333333333333335E-003   63.002445265797149     
  0.39864251644977827        2.3500000000000001E-003   62.127224780546413     
  0.39864251644977827        2.3666666666666667E-003   61.369602850682128     
  0.39864251644977827        2.3833333333333337E-003   60.730556473072525     
  0.39864251644977827        2.4000000000000002E-003   60.211247439098202     
  0.39864251644977827        2.4166666666666668E-003   59.813025669253314     
  0.39864251644977827        2.4333333333333334E-003   59.537369542523493     
  0.39864251644977827        2.4499999999999999E-003   59.386015901197979     
  0.39864251644977827        2.4666666666666669E-003   59.360791978795945     
  0.39864251644977827        2.4833333333333335E-003   59.463718626729673     
  0.39864251644977827        2.5000000000000001E-003   59.696980889719661     
  0.39864251644977827        2.5166666666666666E-003   60.062952688682131     
  0.39864251644977827        2.5333333333333336E-003   60.564107106294770     
  0.39864251644977827        2.5500000000000002E-003   61.203040331601080     
  0.39864251644977827        2.5666666666666667E-003   61.982547450971680     
  0.39864251644977827        2.5833333333333333E-003   62.905509522669391     
  0.39864251644977827        2.6000000000000003E-003   63.974931293200058     
  0.39864251644977827        2.6166666666666669E-003   65.193948672469816     
  0.39864251644977827        2.6333333333333334E-003   66.565775191031705     
  0.39864251644977827        2.6500000000000000E-003   68.093727094291879     
  0.39864251644977827        2.6666666666666670E-003   69.781218572865839     
  0.39864251644977827        2.6833333333333336E-003   71.631738586098720     
  
  0.41501642854987947        2.2000000000000001E-003   72.862266625088211     
  0.41501642854987947        2.2166666666666667E-003   71.192346180249700     
  0.41501642854987947        2.2333333333333333E-003   69.638284829312909     
  0.41501642854987947        2.2500000000000003E-003   68.199613678590467     
  0.41501642854987947        2.2666666666666668E-003   66.875794309855991     
  0.41501642854987947        2.2833333333333334E-003   65.666730312008212     
  0.41501642854987947        2.3000000000000000E-003   64.572398126611702     
  0.41501642854987947        2.3166666666666670E-003   63.592981248512409     
  0.41501642854987947        2.3333333333333335E-003   62.728906640348733     
  0.41501642854987947        2.3500000000000001E-003   61.980776025740134     
  0.41501642854987947        2.3666666666666667E-003   61.349365926420397     
  0.41501642854987947        2.3833333333333337E-003   60.835671980556782     
  0.41501642854987947        2.4000000000000002E-003   60.440886212587671     
  0.41501642854987947        2.4166666666666668E-003   60.166387506182232     
  0.41501642854987947        2.4333333333333334E-003   60.013700799769083     
  0.41501642854987947        2.4499999999999999E-003   59.984607724452431     
  0.41501642854987947        2.4666666666666669E-003   60.080989482235445     
  0.41501642854987947        2.4833333333333335E-003   60.304931492154097     
  0.41501642854987947        2.5000000000000001E-003   60.658680271015228     
  0.41501642854987947        2.5166666666666666E-003   61.144683781519646     
  0.41501642854987947        2.5333333333333336E-003   61.765493231148469     
  0.41501642854987947        2.5500000000000002E-003   62.523790173183599     
  0.41501642854987947        2.5666666666666667E-003   63.422455972046038     
  0.41501642854987947        2.5833333333333333E-003   64.464469192612711     
  0.41501642854987947        2.6000000000000003E-003   65.652930395799046     
  0.41501642854987947        2.6166666666666669E-003   66.991083073358681     
  0.41501642854987947        2.6333333333333334E-003   68.482248971770701     
  0.41501642854987947        2.6500000000000000E-003   70.129853110097827     
  0.41501642854987947        2.6666666666666670E-003   71.937436383259268     
  0.41501642854987947        2.6833333333333336E-003   73.908596337007310     
  
  0.43148475809763909        2.2000000000000001E-003   72.025365700036815     
  0.43148475809763909        2.2166666666666667E-003   70.469481132093122     
  0.43148475809763909        2.2333333333333333E-003   69.028757714151340     
  0.43148475809763909        2.2500000000000003E-003   67.702690371420800     
  0.43148475809763909        2.2666666666666668E-003   66.490723850347479     
  0.43148475809763909        2.2833333333333334E-003   65.392739272002800     
  0.43148475809763909        2.3000000000000000E-003   64.408701639311303     
  0.43148475809763909        2.3166666666666670E-003   63.538787938763576     
  0.43148475809763909        2.3333333333333335E-003   62.783428096178035     
  0.43148475809763909        2.3500000000000001E-003   62.143223513356702     
  0.43148475809763909        2.3666666666666667E-003   61.618966393011391     
  0.43148475809763909        2.3833333333333337E-003   61.211669041189921     
  0.43148475809763909        2.4000000000000002E-003   60.922547601002861     
  0.43148475809763909        2.4166666666666668E-003   60.753005682533612     
  0.43148475809763909        2.4333333333333334E-003   60.704607493841735     
  0.43148475809763909        2.4499999999999999E-003   60.779171731818636     
  0.43148475809763909        2.4666666666666669E-003   60.978625460603574     
  0.43148475809763909        2.4833333333333335E-003   61.305107949135170     
  0.43148475809763909        2.5000000000000001E-003   61.760917352374733     
  0.43148475809763909        2.5166666666666666E-003   62.348564158611836     
  0.43148475809763909        2.5333333333333336E-003   63.070664592909267     
  0.43148475809763909        2.5500000000000002E-003   63.929972254224950     
  0.43148475809763909        2.5666666666666667E-003   64.929441095512630     
  0.43148475809763909        2.5833333333333333E-003   66.072131331510647     
  0.43148475809763909        2.6000000000000003E-003   67.361224235866999     
  0.43148475809763909        2.6166666666666669E-003   68.800053570990741     
  0.43148475809763909        2.6333333333333334E-003   70.392031956923859     
  0.43148475809763909        2.6500000000000000E-003   72.140675853188668     
  0.43148475809763909        2.6666666666666670E-003   74.049633163429846     
  0.43148475809763909        2.6833333333333336E-003   76.122591819752358     
  
  0.44802920864332457        2.2000000000000001E-003   71.530598726058599     
  0.44802920864332457        2.2166666666666667E-003   70.066548592503807     
  0.44802920864332457        2.2333333333333333E-003   68.717081277825216     
  0.44802920864332457        2.2500000000000003E-003   67.481662795450816     
  0.44802920864332457        2.2666666666666668E-003   66.359725107091293     
  0.44802920864332457        2.2833333333333334E-003   65.351130574852220     
  0.44802920864332457        2.3000000000000000E-003   64.455835495267678     
  0.44802920864332457        2.3166666666666670E-003   63.674010840247504     
  0.44802920864332457        2.3333333333333335E-003   63.006090128602558     
  0.44802920864332457        2.3500000000000001E-003   62.452673486862722     
  0.44802920864332457        2.3666666666666667E-003   62.014565483438666     
  0.44802920864332457        2.3833333333333337E-003   61.692792739914715     
  0.44802920864332457        2.4000000000000002E-003   61.488589342646037     
  0.44802920864332457        2.4166666666666668E-003   61.403378966851946     
  0.44802920864332457        2.4333333333333334E-003   61.438757414853832     
  0.44802920864332457        2.4499999999999999E-003   61.596572430815655     
  0.44802920864332457        2.4666666666666669E-003   61.878788038184467     
  0.44802920864332457        2.4833333333333335E-003   62.287586210434043     
  0.44802920864332457        2.5000000000000001E-003   62.825306230019109     
  0.44802920864332457        2.5166666666666666E-003   63.494508713858991     
  0.44802920864332457        2.5333333333333336E-003   64.297861228975819     
  0.44802920864332457        2.5500000000000002E-003   65.238175141871977     
  0.44802920864332457        2.5666666666666667E-003   66.318462321769204     
  0.44802920864332457        2.5833333333333333E-003   67.541847874936153     
  0.44802920864332457        2.6000000000000003E-003   68.911577635801052     
  0.44802920864332457        2.6166666666666669E-003   70.431057242833305     
  0.44802920864332457        2.6333333333333334E-003   72.103771722155074     
  0.44802920864332457        2.6500000000000000E-003   73.933310517513064     
  0.44802920864332457        2.6666666666666670E-003   75.923407371361208     
  0.44802920864332457        2.6833333333333336E-003   78.077821433393211     
  
  0.46463139916614848        2.2000000000000001E-003   71.262204933738872     
  0.46463139916614848        2.2166666666666667E-003   69.866015668283922     
  0.46463139916614848        2.2333333333333333E-003   68.583972952055120     
  0.46463139916614848        2.2500000000000003E-003   67.415521391973499     
  0.46463139916614848        2.2666666666666668E-003   66.360084551761759     
  0.46463139916614848        2.2833333333333334E-003   65.417509998252271     
  0.46463139916614848        2.3000000000000000E-003   64.587748164228117     
  0.46463139916614848        2.3166666666666670E-003   63.870964720380812     
  0.46463139916614848        2.3333333333333335E-003   63.267597318415888     
  0.46463139916614848        2.3500000000000001E-003   62.778243840744956     
  0.46463139916614848        2.3666666666666667E-003   62.403718007647726     
  0.46463139916614848        2.3833333333333337E-003   62.145058040531168     
  0.46463139916614848        2.4000000000000002E-003   62.003509803482693     
  0.46463139916614848        2.4166666666666668E-003   61.980511998399678     
  0.46463139916614848        2.4333333333333334E-003   62.077684041224117     
  0.46463139916614848        2.4499999999999999E-003   62.296894496557989     
  0.46463139916614848        2.4666666666666669E-003   62.640134765257528     
  0.46463139916614848        2.4833333333333335E-003   63.109618076403677     
  0.46463139916614848        2.5000000000000001E-003   63.707713757777526     
  0.46463139916614848        2.5166666666666666E-003   64.437019446373625     
  0.46463139916614848        2.5333333333333336E-003   65.300239958904129     
  0.46463139916614848        2.5500000000000002E-003   66.300229359963424     
  0.46463139916614848        2.5666666666666667E-003   67.440041952129832     
  0.46463139916614848        2.5833333333333333E-003   68.722850288217003     
  0.46463139916614848        2.6000000000000003E-003   70.151947750881803     
  0.46463139916614848        2.6166666666666669E-003   71.730792607328567     
  0.46463139916614848        2.6333333333333334E-003   73.462922913238756     
  0.46463139916614848        2.6500000000000000E-003   75.351981744731802     
  0.46463139916614848        2.6666666666666670E-003   77.401766301990961     
  0.46463139916614848        2.6833333333333336E-003   79.616087045163752     
  
  0.48127288449573330        2.2000000000000001E-003   71.134352939494491     
  0.48127288449573330        2.2166666666666667E-003   69.780743088604780     
  0.48127288449573330        2.2333333333333333E-003   68.541002213689438     
  0.48127288449573330        2.2500000000000003E-003   67.414561141864624     
  0.48127288449573330        2.2666666666666668E-003   66.400839702140132     
  0.48127288449573330        2.2833333333333334E-003   65.499674812127282     
  0.48127288449573330        2.3000000000000000E-003   64.711013956761860     
  0.48127288449573330        2.3166666666666670E-003   64.035018415214509     
  0.48127288449573330        2.3333333333333335E-003   63.472130387292083     
  0.48127288449573330        2.3500000000000001E-003   63.022944545800783     
  0.48127288449573330        2.3666666666666667E-003   62.688280675670285     
  0.48127288449573330        2.3833333333333337E-003   62.469185538754743     
  0.48127288449573330        2.4000000000000002E-003   62.366910693232668     
  0.48127288449573330        2.4166666666666668E-003   62.382904504376185     
  0.48127288449573330        2.4333333333333334E-003   62.518801800678034     
  0.48127288449573330        2.4499999999999999E-003   62.776483622820841     
  0.48127288449573330        2.4666666666666669E-003   63.157958615686780     
  0.48127288449573330        2.4833333333333335E-003   63.665459640895733     
  0.48127288449573330        2.5000000000000001E-003   64.301374530992376     
  0.48127288449573330        2.5166666666666666E-003   65.068324303708835     
  0.48127288449573330        2.5333333333333336E-003   65.969036675311173     
  0.48127288449573330        2.5500000000000002E-003   67.006392727916477     
  0.48127288449573330        2.5666666666666667E-003   68.183473088256079     
  0.48127288449573330        2.5833333333333333E-003   69.503479850853836     
  0.48127288449573330        2.6000000000000003E-003   70.969736276225916     
  0.48127288449573330        2.6166666666666669E-003   72.585733404950446     
  0.48127288449573330        2.6333333333333334E-003   74.355042266835923     
  0.48127288449573330        2.6500000000000000E-003   76.281339564708205     
  0.48127288449573330        2.6666666666666670E-003   78.368462646139733     
  0.48127288449573330        2.6833333333333336E-003   80.620252879036784     
  
  0.49793517580484731        2.2000000000000001E-003   71.093066876633756     
  0.49793517580484731        2.2166666666666667E-003   69.755935010982370     
  0.49793517580484731        2.2333333333333333E-003   68.532563732047663     
  0.49793517580484731        2.2500000000000003E-003   67.422377717547704     
  0.49793517580484731        2.2666666666666668E-003   66.424797937941435     
  0.49793517580484731        2.2833333333333334E-003   65.539654914164828     
  0.49793517580484731        2.3000000000000000E-003   64.766896133996823     
  0.49793517580484731        2.3166666666666670E-003   64.106679565134669     
  0.49793517580484731        2.3333333333333335E-003   63.559452211641336     
  0.49793517580484731        2.3500000000000001E-003   63.125804593718236     
  0.49793517580484731        2.3666666666666667E-003   62.806559624062444     
  0.49793517580484731        2.3833333333333337E-003   62.602769225595836     
  0.49793517580484731        2.4000000000000002E-003   62.515684720662847     
  0.49793517580484731        2.4166666666666668E-003   62.546758506300172     
  0.49793517580484731        2.4333333333333334E-003   62.697632490210268     
  0.49793517580484731        2.4499999999999999E-003   62.970191820364121     
  0.49793517580484731        2.4666666666666669E-003   63.366451836475498     
  0.49793517580484731        2.4833333333333335E-003   63.888653368247674     
  0.49793517580484731        2.5000000000000001E-003   64.539190873430471     
  0.49793517580484731        2.5166666666666666E-003   65.320694769813784     
  0.49793517580484731        2.5333333333333336E-003   66.235901228652850     
  0.49793517580484731        2.5500000000000002E-003   67.287702247241569     
  0.49793517580484731        2.5666666666666667E-003   68.479188234660512     
  0.49793517580484731        2.5833333333333333E-003   69.813572697538561     
  0.49793517580484731        2.6000000000000003E-003   71.294190658762773     
  0.49793517580484731        2.6166666666666669E-003   72.924545723707155     
  0.49793517580484731        2.6333333333333334E-003   74.708221402566352     
  0.49793517580484731        2.6500000000000000E-003   76.648907617712410     
  0.49793517580484731        2.6666666666666670E-003   78.750457920662924     
  0.49793517580484731        2.6833333333333336E-003   81.016723940253627     
  
  0.51459976115064443        2.2000000000000001E-003   71.117434432976935     
  0.51459976115064443        2.2166666666666667E-003   69.770361898835631     
  0.51459976115064443        2.2333333333333333E-003   68.537114876781530     
  0.51459976115064443        2.2500000000000003E-003   67.417119410358367     
  0.51459976115064443        2.2666666666666668E-003   66.409802633861347     
  0.51459976115064443        2.2833333333333334E-003   65.514992952755051     
  0.51459976115064443        2.3000000000000000E-003   64.732640803908737     
  0.51459976115064443        2.3166666666666670E-003   64.062902065706851     
  0.51459976115064443        2.3333333333333335E-003   63.506228610396775     
  0.51459976115064443        2.3500000000000001E-003   63.063205904202221     
  0.51459976115064443        2.3666666666666667E-003   62.734657223100143     
  0.51459976115064443        2.3833333333333337E-003   62.521635978943948     
  0.51459976115064443        2.4000000000000002E-003   62.425387552707036     
  0.51459976115064443        2.4166666666666668E-003   62.447362533170967     
  0.51459976115064443        2.4333333333333334E-003   62.589201531804193     
  0.51459976115064443        2.4499999999999999E-003   62.852785504614275     
  0.51459976115064443        2.4666666666666669E-003   63.240125662642640     
  0.51459976115064443        2.4833333333333335E-003   63.753459231971519     
  0.51459976115064443        2.5000000000000001E-003   64.395175200874277     
  0.51459976115064443        2.5166666666666666E-003   65.167899260155622     
  0.51459976115064443        2.5333333333333336E-003   66.074361662673610     
  0.51459976115064443        2.5500000000000002E-003   67.117448992256087     
  0.51459976115064443        2.5666666666666667E-003   68.300244665941975     
  0.51459976115064443        2.5833333333333333E-003   69.625955487655602     
  0.51459976115064443        2.6000000000000003E-003   71.097909901327554     
  0.51459976115064443        2.6166666666666669E-003   72.719603776178545     
  0.51459976115064443        2.6333333333333334E-003   74.494612418054558     
  0.51459976115064443        2.6500000000000000E-003   76.426618419069030     
  0.51459976115064443        2.6666666666666670E-003   78.519467263749249     
  0.51459976115064443        2.6833333333333336E-003   80.777000207057341     
  
  0.53124812604158478        2.2000000000000001E-003   71.220074240410000     
  0.53124812604158478        2.2166666666666667E-003   69.836833651296160     
  0.53124812604158478        2.2333333333333333E-003   68.567654506064059     
  0.53124812604158478        2.2500000000000003E-003   67.411971496087801     
  0.53124812604158478        2.2666666666666668E-003   66.369223019547420     
  0.53124812604158478        2.2833333333333334E-003   65.439239597840341     
  0.53124812604158478        2.3000000000000000E-003   64.621977519429691     
  0.53124812604158478        2.3166666666666670E-003   63.917591907709273     
  0.53124812604158478        2.3333333333333335E-003   63.326539343505893     
  0.53124812604158478        2.3500000000000001E-003   62.849399398138168     
  0.53124812604158478        2.3666666666666667E-003   62.486993138899400     
  0.53124812604158478        2.3833333333333337E-003   62.240371532168510     
  0.53124812604158478        2.4000000000000002E-003   62.110768604849667     
  0.53124812604158478        2.4166666666666668E-003   62.099627151358945     
  0.53124812604158478        2.4333333333333334E-003   62.208578160217087     
  0.53124812604158478        2.4499999999999999E-003   62.439490259216662     
  0.53124812604158478        2.4666666666666669E-003   62.794359577938756     
  0.53124812604158478        2.4833333333333335E-003   63.275408393326884     
  0.53124812604158478        2.5000000000000001E-003   63.885008040957864     
  0.53124812604158478        2.5166666666666666E-003   64.625765408479822     
  0.53124812604158478        2.5333333333333336E-003   65.500390693408150     
  0.53124812604158478        2.5500000000000002E-003   66.511748709741681     
  0.53124812604158478        2.5666666666666667E-003   67.662899078670421     
  0.53124812604158478        2.5833333333333333E-003   68.957024041555471     
  0.53124812604158478        2.6000000000000003E-003   70.397427118644146     
  0.53124812604158478        2.6166666666666669E-003   71.987576312370408     
  0.53124812604158478        2.6333333333333334E-003   73.731018098666496     
  0.53124812604158478        2.6500000000000000E-003   75.631407308138776     
  0.53124812604158478        2.6666666666666670E-003   77.692557070097507     
  0.53124812604158478        2.6833333333333336E-003   79.918277899663337     
  
  0.54786177400718772        2.2000000000000001E-003   71.446853892290136     
  0.54786177400718772        2.2166666666666667E-003   70.001914158817684     
  0.54786177400718772        2.2333333333333333E-003   68.671434107755616     
  0.54786177400718772        2.2500000000000003E-003   67.454864011937275     
  0.54786177400718772        2.2666666666666668E-003   66.351658641811667     
  0.54786177400718772        2.2833333333333334E-003   65.361654738652547     
  0.54786177400718772        2.3000000000000000E-003   64.484817262490367     
  0.54786177400718772        2.3166666666666670E-003   63.721301997162115     
  0.54786177400718772        2.3333333333333335E-003   63.071569820166843     
  0.54786177400718772        2.3500000000000001E-003   62.536193645599873     
  0.54786177400718772        2.3666666666666667E-003   62.115989970583882     
  0.54786177400718772        2.3833333333333337E-003   61.812003152737518     
  0.54786177400718772        2.4000000000000002E-003   61.625450810097746     
  0.54786177400718772        2.4166666666666668E-003   61.557761874415277     
  0.54786177400718772        2.4333333333333334E-003   61.610549523407386     
  0.54786177400718772        2.4499999999999999E-003   61.785662174913519     
  0.54786177400718772        2.4666666666666669E-003   62.085069941155481     
  0.54786177400718772        2.4833333333333335E-003   62.510969161330017     
  0.54786177400718772        2.5000000000000001E-003   63.065701373932924     
  0.54786177400718772        2.5166666666666666E-003   63.751840834443357     
  0.54786177400718772        2.5333333333333336E-003   64.572063946916231     
  0.54786177400718772        2.5500000000000002E-003   65.529197569935164     
  0.54786177400718772        2.5666666666666667E-003   66.626260898791600     
  0.54786177400718772        2.5833333333333333E-003   67.866394244254977     
  0.54786177400718772        2.6000000000000003E-003   69.252858076819365     
  0.54786177400718772        2.6166666666666669E-003   70.789072832133783     
  0.54786177400718772        2.6333333333333334E-003   72.478535838890480     
  0.54786177400718772        2.6500000000000000E-003   74.324854112913641     
  0.54786177400718772        2.6666666666666670E-003   76.331784432585380     
  0.54786177400718772        2.6833333333333336E-003   78.503086729437285     
  
  0.56442224714776235        2.2000000000000001E-003   71.875863851892774     
  0.56442224714776235        2.2166666666666667E-003   70.344882609518322     
  0.56442224714776235        2.2333333333333333E-003   68.928906679372048     
  0.56442224714776235        2.2500000000000003E-003   67.627408390697013     
  0.56442224714776235        2.2666666666666668E-003   66.439863933960254     
  0.56442224714776235        2.2833333333333334E-003   65.366120171318357     
  0.56442224714776235        2.3000000000000000E-003   64.406153434224336     
  0.56442224714776235        2.3166666666666670E-003   63.560121631872718     
  0.56442224714776235        2.3333333333333335E-003   62.828489248697323     
  0.56442224714776235        2.3500000000000001E-003   62.211821874996261     
  0.56442224714776235        2.3666666666666667E-003   61.710929302340574     
  0.56442224714776235        2.3833333333333337E-003   61.326844923195139     
  0.56442224714776235        2.4000000000000002E-003   61.060765310607948     
  0.56442224714776235        2.4166666666666668E-003   60.914099447619549     
  0.56442224714776235        2.4333333333333334E-003   60.888434740246993     
  0.56442224714776235        2.4499999999999999E-003   60.985591857345682     
  0.56442224714776235        2.4666666666666669E-003   61.207504119711750     
  0.56442224714776235        2.4833333333333335E-003   61.556331423061138     
  0.56442224714776235        2.5000000000000001E-003   62.034373529612978     
  0.56442224714776235        2.5166666666666666E-003   62.644158672885368     
  0.56442224714776235        2.5333333333333336E-003   63.388316281176003     
  0.56442224714776235        2.5500000000000002E-003   64.269619438210711     
  0.56442224714776235        2.5666666666666667E-003   65.291030657064084     
  0.56442224714776235        2.5833333333333333E-003   66.455631671415375     
  0.56442224714776235        2.6000000000000003E-003   67.766622212851289     
  0.56442224714776235        2.6166666666666669E-003   69.227356134601777     
  0.56442224714776235        2.6333333333333334E-003   70.841261853127492     
  0.56442224714776235        2.6500000000000000E-003   72.611879147628798     
  0.56442224714776235        2.6666666666666670E-003   74.542885046818100     
  0.56442224714776235        2.6833333333333336E-003   76.637969823060558     
  
  0.58091114664128596        2.2000000000000001E-003   72.615666407870208     
  0.58091114664128596        2.2166666666666667E-003   70.975960927006994     
  0.58091114664128596        2.2333333333333333E-003   69.451932949145473     
  0.58091114664128596        2.2500000000000003E-003   68.043082772693651     
  0.58091114664128596        2.2666666666666668E-003   66.748912927754603     
  0.58091114664128596        2.2833333333333334E-003   65.569284023505503     
  0.58091114664128596        2.3000000000000000E-003   64.504186306739840     
  0.58091114664128596        2.3166666666666670E-003   63.553781294828781     
  0.58091114664128596        2.3333333333333335E-003   62.718536089870760     
  0.58091114664128596        2.3500000000000001E-003   61.999008403339872     
  0.58091114664128596        2.3666666666666667E-003   61.395999425042888     
  0.58091114664128596        2.3833333333333337E-003   60.910527070620404     
  0.58091114664128596        2.4000000000000002E-003   60.543762706084365     
  0.58091114664128596        2.4166666666666668E-003   60.297089326097158     
  0.58091114664128596        2.4333333333333334E-003   60.172060915803492     
  0.58091114664128596        2.4499999999999999E-003   60.170463282227594     
  0.58091114664128596        2.4666666666666669E-003   60.294182483913723     
  0.58091114664128596        2.4833333333333335E-003   60.545332069500830     
  0.58091114664128596        2.5000000000000001E-003   60.926158334422354     
  0.58091114664128596        2.5166666666666666E-003   61.439130724318531     
  0.58091114664128596        2.5333333333333336E-003   62.086819214459112     
  0.58091114664128596        2.5500000000000002E-003   62.871927849577730     
  0.58091114664128596        2.5666666666666667E-003   63.797346771581324     
  0.58091114664128596        2.5833333333333333E-003   64.866083430928256     
  0.58091114664128596        2.6000000000000003E-003   66.081259779067864     
  0.58091114664128596        2.6166666666666669E-003   67.446144998612311     
  0.58091114664128596        2.6333333333333334E-003   68.964079616424115     
  0.58091114664128596        2.6500000000000000E-003   70.638517628146985     
  0.58091114664128596        2.6666666666666670E-003   72.473033805306926     
  0.58091114664128596        2.6833333333333336E-003   74.471230688298306     
  
  0.59731015318464753        2.2000000000000001E-003   73.802852381109915     
  0.59731015318464753        2.2166666666666667E-003   72.033840427929931     
  0.59731015318464753        2.2333333333333333E-003   70.381278404744009     
  0.59731015318464753        2.2500000000000003E-003   68.844699834784905     
  0.59731015318464753        2.2666666666666668E-003   67.423638314338831     
  0.59731015318464753        2.2833333333333334E-003   66.117971483773388     
  0.59731015318464753        2.3000000000000000E-003   64.927705859771038     
  0.59731015318464753        2.3166666666666670E-003   63.853008037607651     
  0.59731015318464753        2.3333333333333335E-003   62.894346430941894     
  0.59731015318464753        2.3500000000000001E-003   62.052270443122183     
  0.59731015318464753        2.3666666666666667E-003   61.327571015528896     
  0.59731015318464753        2.3833333333333337E-003   60.721245959381740     
  0.59731015318464753        2.4000000000000002E-003   60.234437794862629     
  0.59731015318464753        2.4166666666666668E-003   59.868497597840928     
  0.59731015318464753        2.4333333333333334E-003   59.624938675272475     
  0.59731015318464753        2.4499999999999999E-003   59.505505363229240     
  0.59731015318464753        2.4666666666666669E-003   59.512026425995217     
  0.59731015318464753        2.4833333333333335E-003   59.646559874409817     
  0.59731015318464753        2.5000000000000001E-003   59.911287254128517     
  0.59731015318464753        2.5166666666666666E-003   60.308607255116669     
  0.59731015318464753        2.5333333333333336E-003   60.841018766475045     
  0.59731015318464753        2.5500000000000002E-003   61.511142265125201     
  0.59731015318464753        2.5666666666666667E-003   62.321780584597086     
  0.59731015318464753        2.5833333333333333E-003   63.275852330696850     
  0.59731015318464753        2.6000000000000003E-003   64.376385481930981     
  0.59731015318464753        2.6166666666666669E-003   65.626547618037804     
  0.59731015318464753        2.6333333333333334E-003   67.029573409401152     
  0.59731015318464753        2.6500000000000000E-003   68.588813625667271     
  0.59731015318464753        2.6666666666666670E-003   70.307719444278973     
  0.59731015318464753        2.6833333333333336E-003   72.189788823149598     
  
  0.61360104734654353        2.2000000000000001E-003   75.598951248209360     
  0.61360104734654353        2.2166666666666667E-003   73.682553900449506     
  0.61360104734654353        2.2333333333333333E-003   71.883447859197446     
  0.61360104734654353        2.2500000000000003E-003   70.201204386462265     
  0.61360104734654353        2.2666666666666668E-003   68.635392616823438     
  0.61360104734654353        2.2833333333333334E-003   67.185910102986625     
  0.61360104734654353        2.3000000000000000E-003   65.852781766189565     
  0.61360104734654353        2.3166666666666670E-003   64.636180706400836     
  0.61360104734654353        2.3333333333333335E-003   63.536575013513129     
  0.61360104734654353        2.3500000000000001E-003   62.554505491420016     
  0.61360104734654353        2.3666666666666667E-003   61.690751443533543     
  0.61360104734654353        2.3833333333333337E-003   60.946285873586532     
  0.61360104734654353        2.4000000000000002E-003   60.322219382507939     
  0.61360104734654353        2.4166666666666668E-003   59.819865366939865     
  0.61360104734654353        2.4333333333333334E-003   59.440689664544678     
  0.61360104734654353        2.4499999999999999E-003   59.186389105432781     
  0.61360104734654353        2.4666666666666669E-003   59.058725694056733     
  0.61360104734654353        2.4833333333333335E-003   59.059693526080039     
  0.61360104734654353        2.5000000000000001E-003   59.191398634424047     
  0.61360104734654353        2.5166666666666666E-003   59.456157944651125     
  0.61360104734654353        2.5333333333333336E-003   59.856388597548268     
  0.61360104734654353        2.5500000000000002E-003   60.394613876832878     
  0.61360104734654353        2.5666666666666667E-003   61.073535294383205     
  0.61360104734654353        2.5833333333333333E-003   61.895969381172563     
  0.61360104734654353        2.6000000000000003E-003   62.864834985309429     
  0.61360104734654353        2.6166666666666669E-003   63.983182517617486     
  0.61360104734654353        2.6333333333333334E-003   65.254124042535892     
  0.61360104734654353        2.6500000000000000E-003   66.680890977882967     
  0.61360104734654353        2.6666666666666670E-003   68.266791000865624     
  0.61360104734654353        2.6833333333333336E-003   70.015202059648288     
  
  0.62976572980941670        2.2000000000000001E-003   78.186752486664005     
  0.62976572980941670        2.2166666666666667E-003   76.107751587507963     
  0.62976572980941670        2.2333333333333333E-003   74.146916706875771     
  0.62976572980941670        2.2500000000000003E-003   72.303860544948506     
  0.62976572980941670        2.2666666666666668E-003   70.578191935487041     
  0.62976572980941670        2.2833333333333334E-003   68.969830767737321     
  0.62976572980941670        2.3000000000000000E-003   67.478822255191361     
  0.62976572980941670        2.3166666666666670E-003   66.105347358158028     
  0.62976572980941670        2.3333333333333335E-003   64.849871871169469     
  0.62976572980941670        2.3500000000000001E-003   63.712927855393360     
  0.62976572980941670        2.3666666666666667E-003   62.695281848521816     
  0.62976572980941670        2.3833333333333337E-003   61.797877309342965     
  0.62976572980941670        2.4000000000000002E-003   61.021790445838107     
  0.62976572980941670        2.4166666666666668E-003   60.368291442691728     
  0.62976572980941670        2.4333333333333334E-003   59.838792410908923     
  0.62976572980941670        2.4499999999999999E-003   59.434937275878013     
  0.62976572980941670        2.4666666666666669E-003   59.158412500767710     
  0.62976572980941670        2.4833333333333335E-003   59.011140790692359     
  0.62976572980941670        2.5000000000000001E-003   58.995142527531840     
  0.62976572980941670        2.5166666666666666E-003   59.112642967836301     
  0.62976572980941670        2.5333333333333336E-003   59.365967925614157     
  0.62976572980941670        2.5500000000000002E-003   59.757530923053302     
  0.62976572980941670        2.5666666666666667E-003   60.289919218490013     
  0.62976572980941670        2.5833333333333333E-003   60.965835534858584     
  0.62976572980941670        2.6000000000000003E-003   61.788075638216185     
  0.62976572980941670        2.6166666666666669E-003   62.759558759336841     
  0.62976572980941670        2.6333333333333334E-003   63.883259012588027     
  0.62976572980941670        2.6500000000000000E-003   65.162273845959504     
  0.62976572980941670        2.6666666666666670E-003   66.599749197829937     
  0.62976572980941670        2.6833333333333336E-003   68.198929181821441     
  
  0.64578624147794628        2.2000000000000001E-003   81.766107047559785     
  0.64578624147794628        2.2166666666666667E-003   79.512450790016914     
  0.64578624147794628        2.2333333333333333E-003   77.377829382354406     
  0.64578624147794628        2.2500000000000003E-003   75.361899788075647     
  0.64578624147794628        2.2666666666666668E-003   73.464314338387652     
  0.64578624147794628        2.2833333333333334E-003   71.685017180556230     
  0.64578624147794628        2.3000000000000000E-003   70.024075437818240     
  0.64578624147794628        2.3166666666666670E-003   68.481679189277685     
  0.64578624147794628        2.3333333333333335E-003   67.058289624885376     
  0.64578624147794628        2.3500000000000001E-003   65.754430075560180     
  0.64578624147794628        2.3666666666666667E-003   64.570853449036306     
  0.64578624147794628        2.3833333333333337E-003   63.508468928551977     
  0.64578624147794628        2.4000000000000002E-003   62.568316481165780     
  0.64578624147794628        2.4166666666666668E-003   61.751617828583676     
  0.64578624147794628        2.4333333333333334E-003   61.059725691156899     
  0.64578624147794628        2.4499999999999999E-003   60.494226380058329     
  0.64578624147794628        2.4666666666666669E-003   60.056722825734319     
  0.64578624147794628        2.4833333333333335E-003   59.749059844884087     
  0.64578624147794628        2.5000000000000001E-003   59.573162749974088     
  0.64578624147794628        2.5166666666666666E-003   59.531156454833919     
  0.64578624147794628        2.5333333333333336E-003   59.625267048709702     
  0.64578624147794628        2.5500000000000002E-003   59.857786917857524     
  0.64578624147794628        2.5666666666666667E-003   60.231177356914984     
  0.64578624147794628        2.5833333333333333E-003   60.748017186726827     
  0.64578624147794628        2.6000000000000003E-003   61.410966496919116     
  0.64578624147794628        2.6166666666666669E-003   62.222801046124985     
  0.64578624147794628        2.6333333333333334E-003   63.186343225829383     
  0.64578624147794628        2.6500000000000000E-003   64.304543571465800     
  0.64578624147794628        2.6666666666666670E-003   65.580369921394777     
  0.64578624147794628        2.6833333333333336E-003   67.016920487041318     
  
  0.66164478343175170        2.2000000000000001E-003   86.549287723061340     
  0.66164478343175170        2.2166666666666667E-003   84.112338782832353     
  0.66164478343175170        2.2333333333333333E-003   81.795245627365887     
  0.66164478343175170        2.2500000000000003E-003   79.597711388896812     
  0.66164478343175170        2.2666666666666668E-003   77.519435286525606     
  0.66164478343175170        2.2833333333333334E-003   75.560387107467662     
  0.66164478343175170        2.3000000000000000E-003   73.720657212991782     
  0.66164478343175170        2.3166666666666670E-003   72.000445938762724     
  0.66164478343175170        2.3333333333333335E-003   70.400207227875626     
  0.66164478343175170        2.3500000000000001E-003   68.920455854385708     
  0.66164478343175170        2.3666666666666667E-003   67.561930494092650     
  0.66164478343175170        2.3833333333333337E-003   66.325501371911884     
  0.66164478343175170        2.4000000000000002E-003   65.212171008841139     
  0.66164478343175170        2.4166666666666668E-003   64.223107743838938     
  0.66164478343175170        2.4333333333333334E-003   63.359599886986743     
  0.66164478343175170        2.4499999999999999E-003   62.623172158022541     
  0.66164478343175170        2.4666666666666669E-003   62.015336845810758     
  0.66164478343175170        2.4833333333333335E-003   61.537855419454957     
  0.66164478343175170        2.5000000000000001E-003   61.192549508245150     
  0.66164478343175170        2.5166666666666666E-003   60.981436347017691     
  0.66164478343175170        2.5333333333333336E-003   60.906635162185296     
  0.66164478343175170        2.5500000000000002E-003   60.970307141682838     
  0.66164478343175170        2.5666666666666667E-003   61.174777249184828     
  0.66164478343175170        2.5833333333333333E-003   61.522492064947194     
  0.66164478343175170        2.6000000000000003E-003   62.015964895272035     
  0.66164478343175170        2.6166666666666669E-003   62.657817590619345     
  0.66164478343175170        2.6333333333333334E-003   63.450708759742582     
  0.66164478343175170        2.6500000000000000E-003   64.397430899080902     
  0.66164478343175170        2.6666666666666670E-003   65.500759442904254     
  0.66164478343175170        2.6833333333333336E-003   66.763636517652969     
  
  0.67732373670013879        2.2000000000000001E-003   92.755995620401919     
  0.67732373670013879        2.2166666666666667E-003   90.130717280621099     
  0.67732373670013879        2.2333333333333333E-003   87.626023813571578     
  0.67732373670013879        2.2500000000000003E-003   85.241665475475642     
  0.67732373670013879        2.2666666666666668E-003   82.977391317612827     
  0.67732373670013879        2.2833333333333334E-003   80.833197582335686     
  0.67732373670013879        2.3000000000000000E-003   78.809198893576792     
  0.67732373670013879        2.3166666666666670E-003   76.905606840079429     
  0.67732373670013879        2.3333333333333335E-003   75.122865153442746     
  0.67732373670013879        2.3500000000000001E-003   73.461480387601668     
  0.67732373670013879        2.3666666666666667E-003   71.922176642522459     
  0.67732373670013879        2.3833333333333337E-003   70.505780590098766     
  0.67732373670013879        2.4000000000000002E-003   69.213256750956702     
  0.67732373670013879        2.4166666666666668E-003   68.045715537244376     
  0.67732373670013879        2.4333333333333334E-003   67.004376515144799     
  0.67732373670013879        2.4499999999999999E-003   66.090699600471794     
  0.67732373670013879        2.4666666666666669E-003   65.306100292069374     
  0.67732373670013879        2.4833333333333335E-003   64.652252336890356     
  0.67732373670013879        2.5000000000000001E-003   64.130865944922363     
  0.67732373670013879        2.5166666666666666E-003   63.743844757716879     
  0.67732373670013879        2.5333333333333336E-003   63.493195321626480     
  0.67732373670013879        2.5500000000000002E-003   63.380938973508506     
  0.67732373670013879        2.5666666666666667E-003   63.409255421973903     
  0.67732373670013879        2.5833333333333333E-003   63.580452512461633     
  0.67732373670013879        2.6000000000000003E-003   63.896887255677548     
  0.67732373670013879        2.6166666666666669E-003   64.361019121720432     
  0.67732373670013879        2.6333333333333334E-003   64.975332704948983     
  0.67732373670013879        2.6500000000000000E-003   65.742453265195650     
  0.67732373670013879        2.6666666666666670E-003   66.664951732604095     
  0.67732373670013879        2.6833333333333336E-003   67.745605949525498     
  
  0.69280568183692193        2.2000000000000001E-003   100.60810682881095     
  0.69280568183692193        2.2166666666666667E-003   97.793183647001499     
  0.69280568183692193        2.2333333333333333E-003   95.099437605593195     
  0.69280568183692193        2.2500000000000003E-003   92.526666075201632     
  0.69280568183692193        2.2666666666666668E-003   90.074670406439324     
  0.69280568183692193        2.2833333333333334E-003   87.743473528200127     
  0.69280568183692193        2.3000000000000000E-003   85.533215038357852     
  0.69280568183692193        2.3166666666666670E-003   83.444118616709162     
  0.69280568183692193        2.3333333333333335E-003   81.476614513206556     
  0.69280568183692193        2.3500000000000001E-003   79.631201561435802     
  0.69280568183692193        2.3666666666666667E-003   77.908589192629506     
  0.69280568183692193        2.3833333333333337E-003   76.309556058195483     
  0.69280568183692193        2.4000000000000002E-003   74.835028773472999     
  0.69280568183692193        2.4166666666666668E-003   73.486055694309016     
  0.69280568183692193        2.4333333333333334E-003   72.263784027083119     
  0.69280568183692193        2.4499999999999999E-003   71.169606457296709     
  0.69280568183692193        2.4666666666666669E-003   70.204836567820564     
  0.69280568183692193        2.4833333333333335E-003   69.371057123573962     
  0.69280568183692193        2.5000000000000001E-003   68.669860117182111     
  0.69280568183692193        2.5166666666666666E-003   68.103031165952657     
  0.69280568183692193        2.5333333333333336E-003   67.672459681333905     
  0.69280568183692193        2.5500000000000002E-003   67.380019981796238     
  0.69280568183692193        2.5666666666666667E-003   67.227739117973556     
  0.69280568183692193        2.5833333333333333E-003   67.217781610214914     
  0.69280568183692193        2.6000000000000003E-003   67.352340338533139     
  0.69280568183692193        2.6166666666666669E-003   67.633705961286680     
  0.69280568183692193        2.6333333333333334E-003   68.064180742212940     
  0.69280568183692193        2.6500000000000000E-003   68.646215518108804     
  0.69280568183692193        2.6666666666666670E-003   69.382166931080391     
  0.69280568183692193        2.6833333333333336E-003   70.274642392431772     
  
