  0.35000003421175957        2.2000000000000001E-003   79.832288467296394     
  0.35000003421175957        2.2166666666666667E-003   77.565600710198453     
  0.35000003421175957        2.2333333333333333E-003   75.410755194403507     
  0.35000003421175957        2.2500000000000003E-003   73.367778334457597     
  0.35000003421175957        2.2666666666666668E-003   71.436833527589272     
  0.35000003421175957        2.2833333333333334E-003   69.618218184686270     
  0.35000003421175957        2.3000000000000000E-003   67.912368374170669     
  0.35000003421175957        2.3166666666666670E-003   66.319855547207766     
  0.35000003421175957        2.3333333333333335E-003   64.841388618840313     
  0.35000003421175957        2.3500000000000001E-003   63.477806123144838     
  0.35000003421175957        2.3666666666666667E-003   62.230083569002218     
  0.35000003421175957        2.3833333333333337E-003   61.099322472297679     
  0.35000003421175957        2.4000000000000002E-003   60.086754351135681     
  0.35000003421175957        2.4166666666666668E-003   59.193735283820473     
  0.35000003421175957        2.4333333333333334E-003   58.421740349826621     
  0.35000003421175957        2.4499999999999999E-003   57.772365530883306     
  0.35000003421175957        2.4666666666666669E-003   57.247318420129773     
  0.35000003421175957        2.4833333333333335E-003   56.848417897642932     
  0.35000003421175957        2.5000000000000001E-003   56.577587597784216     
  0.35000003421175957        2.5166666666666666E-003   56.436851970832976     
  0.35000003421175957        2.5333333333333336E-003   56.428331386102350     
  0.35000003421175957        2.5500000000000002E-003   56.554235743103121     
  0.35000003421175957        2.5666666666666667E-003   56.816861055088722     
  0.35000003421175957        2.5833333333333333E-003   57.218581337183743     
  0.35000003421175957        2.6000000000000003E-003   57.761842727084066     
  0.35000003421175957        2.6166666666666669E-003   58.449160748774176     
  0.35000003421175957        2.6333333333333334E-003   59.283107522560698     
  0.35000003421175957        2.6500000000000000E-003   60.266312536431869     
  0.35000003421175957        2.6666666666666670E-003   61.401448512061549     
  0.35000003421175957        2.6833333333333336E-003   62.691232370799000     
  
  0.35971892097726316        2.2000000000000001E-003   77.565666717442099     
  0.35971892097726316        2.2166666666666667E-003   75.400697733580259     
  0.35971892097726316        2.2333333333333333E-003   73.347515720159677     
  0.35971892097726316        2.2500000000000003E-003   71.406131708609450     
  0.35971892097726316        2.2666666666666668E-003   69.576698764923918     
  0.35971892097726316        2.2833333333333334E-003   67.859509043619624     
  0.35971892097726316        2.3000000000000000E-003   66.254998605233141     
  0.35971892097726316        2.3166666666666670E-003   64.763743628867900     
  0.35971892097726316        2.3333333333333335E-003   63.386463036198336     
  0.35971892097726316        2.3500000000000001E-003   62.124010418379008     
  0.35971892097726316        2.3666666666666667E-003   60.977380957381641     
  0.35971892097726316        2.3833333333333337E-003   59.947701042689260     
  0.35971892097726316        2.4000000000000002E-003   59.036231723291309     
  0.35971892097726316        2.4166666666666668E-003   58.244363244675988     
  0.35971892097726316        2.4333333333333334E-003   57.573609773818916     
  0.35971892097726316        2.4499999999999999E-003   57.025610556369429     
  0.35971892097726316        2.4666666666666669E-003   56.602121125369848     
  0.35971892097726316        2.4833333333333335E-003   56.305012482298395     
  0.35971892097726316        2.5000000000000001E-003   56.136264668436553     
  0.35971892097726316        2.5166666666666666E-003   56.097962492710352     
  0.35971892097726316        2.5333333333333336E-003   56.192290575114612     
  0.35971892097726316        2.5500000000000002E-003   56.421526958910086     
  0.35971892097726316        2.5666666666666667E-003   56.788039312353945     
  0.35971892097726316        2.5833333333333333E-003   57.294276693304582     
  0.35971892097726316        2.6000000000000003E-003   57.942763839380873     
  0.35971892097726316        2.6166666666666669E-003   58.736097538792578     
  0.35971892097726316        2.6333333333333334E-003   59.676934656166438     
  0.35971892097726316        2.6500000000000000E-003   60.767991566618413     
  0.35971892097726316        2.6666666666666670E-003   62.012031180247106     
  0.35971892097726316        2.6833333333333336E-003   63.411862165260530     
  
  0.36949568734452415        2.2000000000000001E-003   75.678984349671310     
  0.36949568734452415        2.2166666666666667E-003   73.612350654978457     
  0.36949568734452415        2.2333333333333333E-003   71.657420330611387     
  0.36949568734452415        2.2500000000000003E-003   69.814189625142774     
  0.36949568734452415        2.2666666666666668E-003   68.082801632963353     
  0.36949568734452415        2.2833333333333334E-003   66.463543379069364     
  0.36949568734452415        2.3000000000000000E-003   64.956850789935686     
  0.36949568734452415        2.3166666666666670E-003   63.563304438497141     
  0.36949568734452415        2.3333333333333335E-003   62.283632654971569     
  0.36949568734452415        2.3500000000000001E-003   61.118703262546987     
  0.36949568734452415        2.3666666666666667E-003   60.069530073621834     
  0.36949568734452415        2.3833333333333337E-003   59.137263071042426     
  0.36949568734452415        2.4000000000000002E-003   58.323191323632329     
  0.36949568734452415        2.4166666666666668E-003   57.628737529439334     
  0.36949568734452415        2.4333333333333334E-003   57.055452991035324     
  0.36949568734452415        2.4499999999999999E-003   56.605018081947826     
  0.36949568734452415        2.4666666666666669E-003   56.279233908038179     
  0.36949568734452415        2.4833333333333335E-003   56.080021037761334     
  0.36949568734452415        2.5000000000000001E-003   56.009413172081025     
  0.36949568734452415        2.5166666666666666E-003   56.069552540442274     
  0.36949568734452415        2.5333333333333336E-003   56.262684895420264     
  0.36949568734452415        2.5500000000000002E-003   56.591153139503959     
  0.36949568734452415        2.5666666666666667E-003   57.057393129006286     
  0.36949568734452415        2.5833333333333333E-003   57.663925362760189     
  0.36949568734452415        2.6000000000000003E-003   58.413349405928884     
  0.36949568734452415        2.6166666666666669E-003   59.308339420871484     
  0.36949568734452415        2.6333333333333334E-003   60.351632963999407     
  0.36949568734452415        2.6500000000000000E-003   61.546029158944734     
  0.36949568734452415        2.6666666666666670E-003   62.894376805691344     
  0.36949568734452415        2.6833333333333336E-003   64.399571966714021     
  
  0.37932629944562707        2.2000000000000001E-003   74.128929703285749     
  0.37932629944562707        2.2166666666666667E-003   72.156526822228784     
  0.37932629944562707        2.2333333333333333E-003   70.295721741449185     
  0.37932629944562707        2.2500000000000003E-003   68.546496618865902     
  0.37932629944562707        2.2666666666666668E-003   66.908985006569921     
  0.37932629944562707        2.2833333333333334E-003   65.383468973790940     
  0.37932629944562707        2.3000000000000000E-003   63.970384210377460     
  0.37932629944562707        2.3166666666666670E-003   62.670315351633604     
  0.37932629944562707        2.3333333333333335E-003   61.483999517542138     
  0.37932629944562707        2.3500000000000001E-003   60.412317894791606     
  0.37932629944562707        2.3666666666666667E-003   59.456301820074728     
  0.37932629944562707        2.3833333333333337E-003   58.617123502046411     
  0.37932629944562707        2.4000000000000002E-003   57.896098410857803     
  0.37932629944562707        2.4166666666666668E-003   57.294679854111067     
  0.37932629944562707        2.4333333333333334E-003   56.814454167331689     
  0.37932629944562707        2.4499999999999999E-003   56.457140546843597     
  0.37932629944562707        2.4666666666666669E-003   56.224583114033166     
  0.37932629944562707        2.4833333333333335E-003   56.118749240753999     
  0.37932629944562707        2.5000000000000001E-003   56.141723311747455     
  0.37932629944562707        2.5166666666666666E-003   56.295701792435011     
  0.37932629944562707        2.5333333333333336E-003   56.582988185646215     
  0.37932629944562707        2.5500000000000002E-003   57.005986686201609     
  0.37932629944562707        2.5666666666666667E-003   57.567197573277042     
  0.37932629944562707        2.5833333333333333E-003   58.269208870659000     
  0.37932629944562707        2.6000000000000003E-003   59.114690867721905     
  0.37932629944562707        2.6166666666666669E-003   60.106390867464803     
  0.37932629944562707        2.6333333333333334E-003   61.247122705432943     
  0.37932629944562707        2.6500000000000000E-003   62.539763744621744     
  0.37932629944562707        2.6666666666666670E-003   63.987243989569691     
  0.37932629944562707        2.6833333333333336E-003   65.592542150005187     
  
  0.38920670119604917        2.2000000000000001E-003   72.873727355071352     
  0.38920670119604917        2.2166666666666667E-003   70.990761710710288     
  0.38920670119604917        2.2333333333333333E-003   69.219272442083351     
  0.38920670119604917        2.2500000000000003E-003   67.559228396372077     
  0.38920670119604917        2.2666666666666668E-003   66.010754079288120     
  0.38920670119604917        2.2833333333333334E-003   64.574126822902400     
  0.38920670119604917        2.3000000000000000E-003   63.249782000688015     
  0.38920670119604917        2.3166666666666670E-003   62.038307981452760     
  0.38920670119604917        2.3333333333333335E-003   60.940450036839437     
  0.38920670119604917        2.3500000000000001E-003   59.957101807367565     
  0.38920670119604917        2.3666666666666667E-003   59.089310987673784     
  0.38920670119604917        2.3833333333333337E-003   58.338270561727875     
  0.38920670119604917        2.4000000000000002E-003   57.705320680591178     
  0.38920670119604917        2.4166666666666668E-003   57.191943296346750     
  0.38920670119604917        2.4333333333333334E-003   56.799757531666998     
  0.38920670119604917        2.4499999999999999E-003   56.530518939773714     
  0.38920670119604917        2.4666666666666669E-003   56.386111919595990     
  0.38920670119604917        2.4833333333333335E-003   56.368547683905916     
  0.38920670119604917        2.5000000000000001E-003   56.479958107807235     
  0.38920670119604917        2.5166666666666666E-003   56.722590473848754     
  0.38920670119604917        2.5333333333333336E-003   57.098802401522178     
  0.38920670119604917        2.5500000000000002E-003   57.611055542383824     
  0.38920670119604917        2.5666666666666667E-003   58.261910549731851     
  0.38920670119604917        2.5833333333333333E-003   59.054018757191223     
  0.38920670119604917        2.6000000000000003E-003   59.990116760245513     
  0.38920670119604917        2.6166666666666669E-003   61.073020442150423     
  0.38920670119604917        2.6333333333333334E-003   62.305615162477586     
  0.38920670119604917        2.6500000000000000E-003   63.690851661664318     
  0.38920670119604917        2.6666666666666670E-003   65.231736095610998     
  0.38920670119604917        2.6833333333333336E-003   66.931324698771022     
  
  0.39913281596819050        2.2000000000000001E-003   71.873499906163886     
  0.39913281596819050        2.2166666666666667E-003   70.074525368389317     
  0.39913281596819050        2.2333333333333333E-003   68.386895749544450     
  0.39913281596819050        2.2500000000000003E-003   66.810567448925724     
  0.39913281596819050        2.2666666666666668E-003   65.345656484908119     
  0.39913281596819050        2.2833333333333334E-003   63.992435713487296     
  0.39913281596819050        2.3000000000000000E-003   62.751340133845929     
  0.39913281596819050        2.3166666666666670E-003   61.622961521923166     
  0.39913281596819050        2.3333333333333335E-003   60.608052645008257     
  0.39913281596819050        2.3500000000000001E-003   59.707518649181338     
  0.39913281596819050        2.3666666666666667E-003   58.922422364033956     
  0.39913281596819050        2.3833333333333337E-003   58.253976020243641     
  0.39913281596819050        2.4000000000000002E-003   57.703542633523817     
  0.39913281596819050        2.4166666666666668E-003   57.272630720315803     
  0.39913281596819050        2.4333333333333334E-003   56.962889809807955     
  0.39913281596819050        2.4499999999999999E-003   56.776109194557520     
  0.39913281596819050        2.4666666666666669E-003   56.714210642886599     
  0.39913281596819050        2.4833333333333335E-003   56.779246058514339     
  0.39913281596819050        2.5000000000000001E-003   56.973391408353656     
  0.39913281596819050        2.5166666666666666E-003   57.298941152400062     
  0.39913281596819050        2.5333333333333336E-003   57.758303156332730     
  0.39913281596819050        2.5500000000000002E-003   58.353992439357363     
  0.39913281596819050        2.5666666666666667E-003   59.088625712977546     
  0.39913281596819050        2.5833333333333333E-003   59.964913123341518     
  0.39913281596819050        2.6000000000000003E-003   60.985652857153639     
  0.39913281596819050        2.6166666666666669E-003   62.153724509167247     
  0.39913281596819050        2.6333333333333334E-003   63.472079885032613     
  0.39913281596819050        2.6500000000000000E-003   64.943737907790606     
  0.39913281596819050        2.6666666666666670E-003   66.571775484725805     
  0.39913281596819050        2.6833333333333336E-003   68.359320898070564     
  
  0.40910054827337916        2.2000000000000001E-003   71.090610910855503     
  0.40910054827337916        2.2166666666666667E-003   69.369569753541896     
  0.40910054827337916        2.2333333333333333E-003   67.759737508415512     
  0.40910054827337916        2.2500000000000003E-003   66.261059067358161     
  0.40910054827337916        2.2666666666666668E-003   64.873642579641043     
  0.40910054827337916        2.2833333333333334E-003   63.597756726075445     
  0.40910054827337916        2.3000000000000000E-003   62.433836094334332     
  0.40910054827337916        2.3166666666666670E-003   61.382475543407303     
  0.40910054827337916        2.3333333333333335E-003   60.444434663808877     
  0.40910054827337916        2.3500000000000001E-003   59.620629123036210     
  0.40910054827337916        2.3666666666666667E-003   58.912135609860805     
  0.40910054827337916        2.3833333333333337E-003   58.320184000167941     
  0.40910054827337916        2.4000000000000002E-003   57.846158268862752     
  0.40910054827337916        2.4166666666666668E-003   57.491591309198839     
  0.40910054827337916        2.4333333333333334E-003   57.258160550536331     
  0.40910054827337916        2.4499999999999999E-003   57.147686265531974     
  0.40910054827337916        2.4666666666666669E-003   57.162124525098378     
  0.40910054827337916        2.4833333333333335E-003   57.303564598883185     
  0.40910054827337916        2.5000000000000001E-003   57.574222955498442     
  0.40910054827337916        2.5166666666666666E-003   57.976437386576151     
  0.40910054827337916        2.5333333333333336E-003   58.512661912413407     
  0.40910054827337916        2.5500000000000002E-003   59.185460593961267     
  0.40910054827337916        2.5666666666666667E-003   59.997501635730814     
  0.40910054827337916        2.5833333333333333E-003   60.951549235415285     
  0.40910054827337916        2.6000000000000003E-003   62.050458178993161     
  0.40910054827337916        2.6166666666666669E-003   63.297166615840929     
  0.40910054827337916        2.6333333333333334E-003   64.694687418440267     
  0.40910054827337916        2.6500000000000000E-003   66.246102186443864     
  0.40910054827337916        2.6666666666666670E-003   67.954552854898878     
  0.40910054827337916        2.6833333333333336E-003   69.823233945601160     
  
  0.41910578545165939        2.2000000000000001E-003   70.489986552351695     
  0.41910578545165939        2.2166666666666667E-003   68.840254540924889     
  0.41910578545165939        2.2333333333333333E-003   67.301595983620658     
  0.41910578545165939        2.2500000000000003E-003   65.873945277165831     
  0.41910578545165939        2.2666666666666668E-003   64.557403374830187     
  0.41910578545165939        2.2833333333333334E-003   63.352235119988151     
  0.41910578545165939        2.3000000000000000E-003   62.258874670964303     
  0.41910578545165939        2.3166666666666670E-003   61.277919647769806     
  0.41910578545165939        2.3333333333333335E-003   60.410135776860784     
  0.41910578545165939        2.3500000000000001E-003   59.656448230022775     
  0.41910578545165939        2.3666666666666667E-003   59.017946230781206     
  0.41910578545165939        2.3833333333333337E-003   58.495875631459185     
  0.41910578545165939        2.4000000000000002E-003   58.091639378598273     
  0.41910578545165939        2.4166666666666668E-003   57.806792455518391     
  0.41910578545165939        2.4333333333333334E-003   57.643037569521994     
  0.41910578545165939        2.4499999999999999E-003   57.602223083241753     
  0.41910578545165939        2.4666666666666669E-003   57.686336157129595     
  0.41910578545165939        2.4833333333333335E-003   57.897499940171095     
  0.41910578545165939        2.5000000000000001E-003   58.237967635653547     
  0.41910578545165939        2.5166666666666666E-003   58.710116330840485     
  0.41910578545165939        2.5333333333333336E-003   59.316441905015438     
  0.41910578545165939        2.5500000000000002E-003   60.059552916183236     
  0.41910578545165939        2.5666666666666667E-003   60.942164266761424     
  0.41910578545165939        2.5833333333333333E-003   61.967089201398736     
  0.41910578545165939        2.6000000000000003E-003   63.137233857688024     
  0.41910578545165939        2.6166666666666669E-003   64.455589516584894     
  0.41910578545165939        2.6333333333333334E-003   65.925224460151483     
  0.41910578545165939        2.6500000000000000E-003   67.549277171114142     
  0.41910578545165939        2.6666666666666670E-003   69.330948590028811     
  0.41910578545165939        2.6833333333333336E-003   71.273493363881116     
  
  0.42914439936866422        2.2000000000000001E-003   70.039413821373174     
  0.42914439936866422        2.2166666666666667E-003   68.453849124885124     
  0.42914439936866422        2.2333333333333333E-003   66.979227647451197     
  0.42914439936866422        2.2500000000000003E-003   65.615474368394814     
  0.42914439936866422        2.2666666666666668E-003   64.362683768274238     
  0.42914439936866422        2.2833333333333334E-003   63.221117224424745     
  0.42914439936866422        2.3000000000000000E-003   62.191208465896239     
  0.42914439936866422        2.3166666666666670E-003   61.273557553434770     
  0.42914439936866422        2.3333333333333335E-003   60.468935648896334     
  0.42914439936866422        2.3500000000000001E-003   59.778276381305503     
  0.42914439936866422        2.3666666666666667E-003   59.202680140226036     
  0.42914439936866422        2.3833333333333337E-003   58.743407024370512     
  0.42914439936866422        2.4000000000000002E-003   58.401876889828984     
  0.42914439936866422        2.4166666666666668E-003   58.179664432817773     
  0.42914439936866422        2.4333333333333334E-003   58.078494910943668     
  0.42914439936866422        2.4499999999999999E-003   58.100241767322544     
  0.42914439936866422        2.4666666666666669E-003   58.246919905907731     
  0.42914439936866422        2.4833333333333335E-003   58.520682721238579     
  0.42914439936866422        2.5000000000000001E-003   58.923816223018981     
  0.42914439936866422        2.5166666666666666E-003   59.458732584943874     
  0.42914439936866422        2.5333333333333336E-003   60.127965063826878     
  0.42914439936866422        2.5500000000000002E-003   60.934161970562542     
  0.42914439936866422        2.5666666666666667E-003   61.880079901166923     
  0.42914439936866422        2.5833333333333333E-003   62.968575920514397     
  0.42914439936866422        2.6000000000000003E-003   64.202602037282816     
  0.42914439936866422        2.6166666666666669E-003   65.585196998292076     
  0.42914439936866422        2.6333333333333334E-003   67.119478584873477     
  0.42914439936866422        2.6500000000000000E-003   68.808636106989624     
  0.42914439936866422        2.6666666666666670E-003   70.655923216649967     
  0.42914439936866422        2.6833333333333336E-003   72.664648292377620     
  
  0.43921224811887227        2.2000000000000001E-003   69.709813119423274     
  0.43921224811887227        2.2166666666666667E-003   68.180808715825791     
  0.43921224811887227        2.2333333333333333E-003   66.762626732141257     
  0.43921224811887227        2.2500000000000003E-003   65.455183866804106     
  0.43921224811887227        2.2666666666666668E-003   64.258568896133752     
  0.43921224811887227        2.2833333333333334E-003   63.173040133001265     
  0.43921224811887227        2.3000000000000000E-003   62.199030893588656     
  0.43921224811887227        2.3166666666666670E-003   61.337143360463557     
  0.43921224811887227        2.3333333333333335E-003   60.588153418741229     
  0.43921224811887227        2.3500000000000001E-003   59.953002080904888     
  0.43921224811887227        2.3666666666666667E-003   59.432799494159127     
  0.43921224811887227        2.3833333333333337E-003   59.028818218580710     
  0.43921224811887227        2.4000000000000002E-003   58.742492891170315     
  0.43921224811887227        2.4166666666666668E-003   58.575415462740025     
  0.43921224811887227        2.4333333333333334E-003   58.529330919203097     
  0.43921224811887227        2.4499999999999999E-003   58.606134667512109     
  0.43921224811887227        2.4666666666666669E-003   58.807865890103358     
  0.43921224811887227        2.4833333333333335E-003   59.136704461325898     
  0.43921224811887227        2.5000000000000001E-003   59.594965124403821     
  0.43921224811887227        2.5166666666666666E-003   60.185090775098217     
  0.43921224811887227        2.5333333333333336E-003   60.909647399765390     
  0.43921224811887227        2.5500000000000002E-003   61.771318139011996     
  0.43921224811887227        2.5666666666666667E-003   62.772896090871711     
  0.43921224811887227        2.5833333333333333E-003   63.917276714342137     
  0.43921224811887227        2.6000000000000003E-003   65.207452199993142     
  0.43921224811887227        2.6166666666666669E-003   66.646502877039950     
  0.43921224811887227        2.6333333333333334E-003   68.237589889130561     
  0.43921224811887227        2.6500000000000000E-003   69.983947082153378     
  0.43921224811887227        2.6666666666666670E-003   71.888874282106570     
  0.43921224811887227        2.6833333333333336E-003   73.955726954656257     
  
  0.44930517773454781        2.2000000000000001E-003   69.475483388256151     
  0.44930517773454781        2.2166666666666667E-003   67.995022608408220     
  0.44930517773454781        2.2333333333333333E-003   66.625276603454637     
  0.44930517773454781        2.2500000000000003E-003   65.366154979113446     
  0.44930517773454781        2.2666666666666668E-003   64.217741615794083     
  0.44930517773454781        2.2833333333333334E-003   63.180292190006504     
  0.44930517773454781        2.3000000000000000E-003   62.254239636071787     
  0.44930517773454781        2.3166666666666670E-003   61.440187940433148     
  0.44930517773454781        2.3333333333333335E-003   60.738916989414363     
  0.44930517773454781        2.3500000000000001E-003   60.151374081782684     
  0.44930517773454781        2.3666666666666667E-003   59.678677679106372     
  0.44930517773454781        2.3833333333333337E-003   59.322110969427357     
  0.44930517773454781        2.4000000000000002E-003   59.083121183833420     
  0.44930517773454781        2.4166666666666668E-003   58.963314998000328     
  0.44930517773454781        2.4333333333333334E-003   58.964454221435517     
  0.44930517773454781        2.4499999999999999E-003   59.088453013899823     
  0.44930517773454781        2.4666666666666669E-003   59.337371267030825     
  0.44930517773454781        2.4833333333333335E-003   59.713411453268961     
  0.44930517773454781        2.5000000000000001E-003   60.218912849256782     
  0.44930517773454781        2.5166666666666666E-003   60.856344572198864     
  0.44930517773454781        2.5333333333333336E-003   61.628300543764425     
  0.44930517773454781        2.5500000000000002E-003   62.537493653571175     
  0.44930517773454781        2.5666666666666667E-003   63.586748145855495     
  0.44930517773454781        2.5833333333333333E-003   64.778992272183260     
  0.44930517773454781        2.6000000000000003E-003   66.117252532590726     
  0.44930517773454781        2.6166666666666669E-003   67.604644763650839     
  0.44930517773454781        2.6333333333333334E-003   69.244367135520648     
  0.44930517773454781        2.6500000000000000E-003   71.039691531390957     
  0.44930517773454781        2.6666666666666670E-003   72.993957200247223     
  0.44930517773454781        2.6833333333333336E-003   75.110559829758174     
  
  0.45941902389965650        2.2000000000000001E-003   69.314318059644506     
  0.45941902389965650        2.2166666666666667E-003   67.874032894743337     
  0.45941902389965650        2.2333333333333333E-003   66.544371207935768     
  0.45941902389965650        2.2500000000000003E-003   65.325236744601753     
  0.45941902389965650        2.2666666666666668E-003   64.216709331851320     
  0.45941902389965650        2.2833333333333334E-003   63.219042460612123     
  0.45941902389965650        2.3000000000000000E-003   62.332668727108910     
  0.45941902389965650        2.3166666666666670E-003   61.558193604239953     
  0.45941902389965650        2.3333333333333335E-003   60.896400249314148     
  0.45941902389965650        2.3500000000000001E-003   60.348241130245974     
  0.45941902389965650        2.3666666666666667E-003   59.914841549796115     
  0.45941902389965650        2.3833333333333337E-003   59.597493449075323     
  0.45941902389965650        2.4000000000000002E-003   59.397654416906356     
  0.45941902389965650        2.4166666666666668E-003   59.316943262812543     
  0.45941902389965650        2.4333333333333334E-003   59.357135644526792     
  0.45941902389965650        2.4499999999999999E-003   59.520161182558411     
  0.45941902389965650        2.4666666666666669E-003   59.808096819500740     
  0.45941902389965650        2.4833333333333335E-003   60.223163644850061     
  0.45941902389965650        2.5000000000000001E-003   60.767721159517606     
  0.45941902389965650        2.5166666666666666E-003   61.444260084994824     
  0.45941902389965650        2.5333333333333336E-003   62.255397358910606     
  0.45941902389965650        2.5500000000000002E-003   63.203870404077904     
  0.45941902389965650        2.5666666666666667E-003   64.292529114888779     
  0.45941902389965650        2.5833333333333333E-003   65.524328783412784     
  0.45941902389965650        2.6000000000000003E-003   66.902324190009722     
  0.45941902389965650        2.6166666666666669E-003   68.429660439317800     
  0.45941902389965650        2.6333333333333334E-003   70.109566222273401     
  0.45941902389965650        2.6500000000000000E-003   71.945344782852374     
  0.45941902389965650        2.6666666666666670E-003   73.940367859596378     
  0.45941902389965650        2.6833333333333336E-003   76.098064307603764     
  
  0.46954961366805048        2.2000000000000001E-003   69.207990323342727     
  0.46954961366805048        2.2166666666666667E-003   67.799222102145933     
  0.46954961366805048        2.2333333333333333E-003   66.501005055262553     
  0.46954961366805048        2.2500000000000003E-003   65.313238336584874     
  0.46954961366805048        2.2666666666666668E-003   64.235998591009121     
  0.46954961366805048        2.2833333333333334E-003   63.269537593312776     
  0.46954961366805048        2.3000000000000000E-003   62.414287656230123     
  0.46954961366805048        2.3166666666666670E-003   61.670855421733407     
  0.46954961366805048        2.3333333333333335E-003   61.040026581476795     
  0.46954961366805048        2.3500000000000001E-003   60.522757638968336     
  0.46954961366805048        2.3666666666666667E-003   60.120179240236396     
  0.46954961366805048        2.3833333333333337E-003   59.833590170137299     
  0.46954961366805048        2.4000000000000002E-003   59.664456098330817     
  0.46954961366805048        2.4166666666666668E-003   59.614405326337518     
  0.46954961366805048        2.4333333333333334E-003   59.685224326574328     
  0.46954961366805048        2.4499999999999999E-003   59.878854821003763     
  0.46954961366805048        2.4666666666666669E-003   60.197387071781016     
  0.46954961366805048        2.4833333333333335E-003   60.643056722334080     
  0.46954961366805048        2.5000000000000001E-003   61.218239098449644     
  0.46954961366805048        2.5166666666666666E-003   61.925441812584467     
  0.46954961366805048        2.5333333333333336E-003   62.767299795713292     
  0.46954961366805048        2.5500000000000002E-003   63.746569676120870     
  0.46954961366805048        2.5666666666666667E-003   64.866121386889077     
  0.46954961366805048        2.5833333333333333E-003   66.128931383847458     
  0.46954961366805048        2.6000000000000003E-003   67.538076569253860     
  0.46954961366805048        2.6166666666666669E-003   69.096724940528205     
  0.46954961366805048        2.6333333333333334E-003   70.808129063701827     
  0.46954961366805048        2.6500000000000000E-003   72.675616719550263     
  0.46954961366805048        2.6666666666666670E-003   74.702585052539774     
  0.46954961366805048        2.6833333333333336E-003   76.892488873591375     
  
  0.47969276718521603        2.2000000000000001E-003   69.142106425134443     
  0.47969276718521603        2.2166666666666667E-003   67.755968451607686     
  0.47969276718521603        2.2333333333333333E-003   66.480330416309343     
  0.47969276718521603        2.2500000000000003E-003   65.315088178993491     
  0.47969276718521603        2.2666666666666668E-003   64.260316095904628     
  0.47969276718521603        2.2833333333333334E-003   63.316264709611431     
  0.47969276718521603        2.3000000000000000E-003   62.483366112796901     
  0.47969276718521603        2.3166666666666670E-003   61.762227798649988     
  0.47969276718521603        2.3333333333333335E-003   61.153637251911505     
  0.47969276718521603        2.3500000000000001E-003   60.658553865325288     
  0.47969276718521603        2.3666666666666667E-003   60.278112110768546     
  0.47969276718521603        2.3833333333333337E-003   60.013615680386430     
  0.47969276718521603        2.4000000000000002E-003   59.866536016393624     
  0.47969276718521603        2.4166666666666668E-003   59.838508230379148     
  0.47969276718521603        2.4333333333333334E-003   59.931326530555339     
  0.47969276718521603        2.4499999999999999E-003   60.146941327961784     
  0.47969276718521603        2.4666666666666669E-003   60.487452416037783     
  0.47969276718521603        2.4833333333333335E-003   60.955105864619668     
  0.47969276718521603        2.5000000000000001E-003   61.552288354039696     
  0.47969276718521603        2.5166666666666666E-003   62.281519599195803     
  0.47969276718521603        2.5333333333333336E-003   63.145447420994373     
  0.47969276718521603        2.5500000000000002E-003   64.146842237391823     
  0.47969276718521603        2.5666666666666667E-003   65.288588318799555     
  0.47969276718521603        2.5833333333333333E-003   66.573677309919617     
  0.47969276718521603        2.6000000000000003E-003   68.005201975403963     
  0.47969276718521603        2.6166666666666669E-003   69.586346723255332     
  0.47969276718521603        2.6333333333333334E-003   71.320381239737500     
  0.47969276718521603        2.6500000000000000E-003   73.210650902282751     
  0.47969276718521603        2.6666666666666670E-003   75.260571060553886     
  0.47969276718521603        2.6833333333333336E-003   77.473615146001634     
  
  0.48984429941286989        2.2000000000000001E-003   69.106325929332655     
  0.48984429941286989        2.2166666666666667E-003   67.733767658358019     
  0.48984429941286989        2.2333333333333333E-003   66.471680645428847     
  0.48984429941286989        2.2500000000000003E-003   65.319958773838820     
  0.48984429941286989        2.2666666666666668E-003   64.278675021086016     
  0.48984429941286989        2.2833333333333334E-003   63.348079191734463     
  0.48984429941286989        2.3000000000000000E-003   62.528603228595500     
  0.48984429941286989        2.3166666666666670E-003   61.820855157240800     
  0.48984429941286989        2.3333333333333335E-003   61.225623511403597     
  0.48984429941286989        2.3500000000000001E-003   60.743869417590531     
  0.48984429941286989        2.3666666666666667E-003   60.376729641987517     
  0.48984429941286989        2.3833333333333337E-003   60.125510827841453     
  0.48984429941286989        2.4000000000000002E-003   59.991687859635370     
  0.48984429941286989        2.4166666666666668E-003   59.976899947984649     
  0.48984429941286989        2.4333333333333334E-003   60.082945925730591     
  0.48984429941286989        2.4499999999999999E-003   60.311781442014777     
  0.48984429941286989        2.4666666666666669E-003   60.665511992960269     
  0.48984429941286989        2.4833333333333335E-003   61.146389900973404     
  0.48984429941286989        2.5000000000000001E-003   61.756808679390353     
  0.48984429941286989        2.5166666666666666E-003   62.499295303204718     
  0.48984429941286989        2.5333333333333336E-003   63.376505321965141     
  0.48984429941286989        2.5500000000000002E-003   64.391217463798426     
  0.48984429941286989        2.5666666666666667E-003   65.546324571211102     
  0.48984429941286989        2.5833333333333333E-003   66.844827431890550     
  0.48984429941286989        2.6000000000000003E-003   68.289828341078788     
  0.48984429941286989        2.6166666666666669E-003   69.884521557940317     
  0.48984429941286989        2.6333333333333334E-003   71.632187056380047     
  0.48984429941286989        2.6500000000000000E-003   73.536180786167520     
  0.48984429941286989        2.6666666666666670E-003   75.599929018148401     
  0.48984429941286989        2.6833333333333336E-003   77.826916379378787     
  
  0.50000002185569503        2.2000000000000001E-003   69.094448109798591     
  0.50000002185569503        2.2166666666666667E-003   67.726320428360793     
  0.50000002185569503        2.2333333333333333E-003   66.468658770691476     
  0.50000002185569503        2.2500000000000003E-003   65.321356373341715     
  0.50000002185569503        2.2666666666666668E-003   64.284485755048266     
  0.50000002185569503        2.2833333333333334E-003   63.358296482514803     
  0.50000002185569503        2.3000000000000000E-003   62.543220423495775     
  0.50000002185569503        2.3166666666666670E-003   61.839865815574072     
  0.50000002185569503        2.3333333333333335E-003   61.249021496382184     
  0.50000002185569503        2.3500000000000001E-003   60.771649165314528     
  0.50000002185569503        2.3666666666666667E-003   60.408886342641793     
  0.50000002185569503        2.3833333333333337E-003   60.162040654332046     
  0.50000002185569503        2.4000000000000002E-003   60.032588084324473     
  0.50000002185569503        2.4166666666666668E-003   60.022169213237518     
  0.50000002185569503        2.4333333333333334E-003   60.132584368359474     
  0.50000002185569503        2.4499999999999999E-003   60.365790962047967     
  0.50000002185569503        2.4666666666666669E-003   60.723896341007901     
  0.50000002185569503        2.4833333333333335E-003   61.209154878390585     
  0.50000002185569503        2.5000000000000001E-003   61.823962367804867     
  0.50000002185569503        2.5166666666666666E-003   62.570848169873173     
  0.50000002185569503        2.5333333333333336E-003   63.452470366903256     
  0.50000002185569503        2.5500000000000002E-003   64.471610478697542     
  0.50000002185569503        2.5666666666666667E-003   65.631164117192924     
  0.50000002185569503        2.5833333333333333E-003   66.934135123684570     
  0.50000002185569503        2.6000000000000003E-003   68.383628949142292     
  0.50000002185569503        2.6166666666666669E-003   69.982843097391850     
  0.50000002185569503        2.6333333333333334E-003   71.735060951559717     
  0.50000002185569503        2.6500000000000000E-003   73.643641957733905     
  0.50000002185569503        2.6666666666666670E-003   75.712015974951910     
  0.50000002185569503        2.6833333333333336E-003   77.943671345916499     
  
  0.51015574428950250        2.2000000000000001E-003   69.104463868751310     
  0.51015574428950250        2.2166666666666667E-003   67.731585042697233     
  0.51015574428950250        2.2333333333333333E-003   66.469190736794360     
  0.51015574428950250        2.2500000000000003E-003   65.317174874234468     
  0.51015574428950250        2.2666666666666668E-003   64.275610438747023     
  0.51015574428950250        2.2833333333333334E-003   63.344747260887729     
  0.51015574428950250        2.3000000000000000E-003   62.525017210644400     
  0.51015574428950250        2.3166666666666670E-003   61.817028415182087     
  0.51015574428950250        2.3333333333333335E-003   61.221569271739796     
  0.51015574428950250        2.3500000000000001E-003   60.739600890083764     
  0.51015574428950250        2.3666666666666667E-003   60.372260001146472     
  0.51015574428950250        2.3833333333333337E-003   60.120853240627426     
  0.51015574428950250        2.4000000000000002E-003   59.986855346147394     
  0.51015574428950250        2.4166666666666668E-003   59.971905532557187     
  0.51015574428950250        2.4333333333333334E-003   60.077802485769737     
  0.51015574428950250        2.4499999999999999E-003   60.306501897372350     
  0.51015574428950250        2.4666666666666669E-003   60.660109106005791     
  0.51015574428950250        2.4833333333333335E-003   61.140876324259729     
  0.51015574428950250        2.5000000000000001E-003   61.751197062281051     
  0.51015574428950250        2.5166666666666666E-003   62.493598181636848     
  0.51015574428950250        2.5333333333333336E-003   63.370735090379384     
  0.51015574428950250        2.5500000000000002E-003   64.385386567464806     
  0.51015574428950250        2.5666666666666667E-003   65.540445180788197     
  0.51015574428950250        2.5833333333333333E-003   66.838911720192968     
  0.51015574428950250        2.6000000000000003E-003   68.283888403927733     
  0.51015574428950250        2.6166666666666669E-003   69.878569357322988     
  0.51015574428950250        2.6333333333333334E-003   71.626234480649174     
  0.51015574428950250        2.6500000000000000E-003   73.530239621377447     
  0.51015574428950250        2.6666666666666670E-003   75.594010879378189     
  0.51015574428950250        2.6833333333333336E-003   77.821032812914837     
  
  0.52030727649010733        2.2000000000000001E-003   69.138572821928435     
  0.52030727649010733        2.2166666666666667E-003   67.751794663960908     
  0.52030727649010733        2.2333333333333333E-003   66.475542930393118     
  0.52030727649010733        2.2500000000000003E-003   65.309713559690195     
  0.52030727649010733        2.2666666666666668E-003   64.254380921762191     
  0.52030727649010733        2.2833333333333334E-003   63.309795609921267     
  0.52030727649010733        2.3000000000000000E-003   62.476389573990119     
  0.52030727649010733        2.3166666666666670E-003   61.754770505688526     
  0.52030727649010733        2.3333333333333335E-003   61.145725620186290     
  0.52030727649010733        2.3500000000000001E-003   60.650214277226780     
  0.52030727649010733        2.3666666666666667E-003   60.269370877278988     
  0.52030727649010733        2.3833333333333337E-003   60.004499095790877     
  0.52030727649010733        2.4000000000000002E-003   59.857070084916771     
  0.52030727649010733        2.4166666666666668E-003   59.828718962477183     
  0.52030727649010733        2.4333333333333334E-003   59.921239644949665     
  0.52030727649010733        2.4499999999999999E-003   60.136582624946627     
  0.52030727649010733        2.4666666666666669E-003   60.476847384843893     
  0.52030727649010733        2.4833333333333335E-003   60.944279774432218     
  0.52030727649010733        2.5000000000000001E-003   61.541266465930718     
  0.52030727649010733        2.5166666666666666E-003   62.270326948879600     
  0.52030727649010733        2.5333333333333336E-003   63.134108762488836     
  0.52030727649010733        2.5500000000000002E-003   64.135382423342335     
  0.52030727649010733        2.5666666666666667E-003   65.277031657735023     
  0.52030727649010733        2.5833333333333333E-003   66.562048111182889     
  0.52030727649010733        2.6000000000000003E-003   67.993524396740725     
  0.52030727649010733        2.6166666666666669E-003   69.574644651942407     
  0.52030727649010733        2.6333333333333334E-003   71.308678420749473     
  0.52030727649010733        2.6500000000000000E-003   73.198970871037005     
  0.52030727649010733        2.6666666666666670E-003   75.248937016479175     
  0.52030727649010733        2.6833333333333336E-003   77.462050145711643     
  
  0.53045042996220348        2.2000000000000001E-003   69.203165430327758     
  0.53045042996220348        2.2166666666666667E-003   67.793439243439479     
  0.53045042996220348        2.2333333333333333E-003   66.494303865148339     
  0.53045042996220348        2.2500000000000003E-003   65.305658564724141     
  0.53045042996220348        2.2666666666666668E-003   64.227580010547356     
  0.53045042996220348        2.2833333333333334E-003   63.260320050425989     
  0.53045042996220348        2.3000000000000000E-003   62.404310789758028     
  0.53045042996220348        2.3166666666666670E-003   61.660159156676464     
  0.53045042996220348        2.3333333333333335E-003   61.028650447037023     
  0.53045042996220348        2.3500000000000001E-003   60.510741116022544     
  0.53045042996220348        2.3666666666666667E-003   60.107561700304828     
  0.53045042996220348        2.3833333333333337E-003   59.820410955706080     
  0.53045042996220348        2.4000000000000002E-003   59.650754125921488     
  0.53045042996220348        2.4166666666666668E-003   59.600219516241125     
  0.53045042996220348        2.4333333333333334E-003   59.670593166777863     
  0.53045042996220348        2.4499999999999999E-003   59.863816913570467     
  0.53045042996220348        2.4666666666666669E-003   60.181980561913015     
  0.53045042996220348        2.4833333333333335E-003   60.627319424132828     
  0.53045042996220348        2.5000000000000001E-003   61.202208809521153     
  0.53045042996220348        2.5166666666666666E-003   61.909155996236052     
  0.53045042996220348        2.5333333333333336E-003   62.750795495938313     
  0.53045042996220348        2.5500000000000002E-003   63.729884077277802     
  0.53045042996220348        2.5666666666666667E-003   64.849290869927671     
  0.53045042996220348        2.5833333333333333E-003   66.111992322190744     
  0.53045042996220348        2.6000000000000003E-003   67.521065114896686     
  0.53045042996220348        2.6166666666666669E-003   69.079676832787314     
  0.53045042996220348        2.6333333333333334E-003   70.791079840815826     
  0.53045042996220348        2.6500000000000000E-003   72.658601593054343     
  0.53045042996220348        2.6666666666666670E-003   74.685638744860057     
  0.53045042996220348        2.6833333333333336E-003   76.875645879879997     
  
  0.54058101966752636        2.2000000000000001E-003   69.308770301228918     
  0.54058101966752636        2.2166666666666667E-003   67.867212153239706     
  0.54058101966752636        2.2333333333333333E-003   66.536330152161426     
  0.54058101966752636        2.2500000000000003E-003   65.316028192187247     
  0.54058101966752636        2.2666666666666668E-003   64.206386137315434     
  0.54058101966752636        2.2833333333333334E-003   63.207657570096487     
  0.54058101966752636        2.3000000000000000E-003   62.320274823250031     
  0.54058101966752636        2.3166666666666670E-003   61.544843729571475     
  0.54058101966752636        2.3333333333333335E-003   60.882146934556246     
  0.54058101966752636        2.3500000000000001E-003   60.333136843885342     
  0.54058101966752636        2.3666666666666667E-003   59.898938610331982     
  0.54058101966752636        2.3833333333333337E-003   59.580844128861287     
  0.54058101966752636        2.4000000000000002E-003   59.380310437345308     
  0.54058101966752636        2.4166666666666668E-003   59.298956339945512     
  0.54058101966752636        2.4333333333333334E-003   59.338556927848728     
  0.54058101966752636        2.4499999999999999E-003   59.501041958250283     
  0.54058101966752636        2.4666666666666669E-003   59.788487782713318     
  0.54058101966752636        2.4833333333333335E-003   60.203115047353371     
  0.54058101966752636        2.5000000000000001E-003   60.747283223032831     
  0.54058101966752636        2.5166666666666666E-003   61.423482592467046     
  0.54058101966752636        2.5333333333333336E-003   62.234329540212215     
  0.54058101966752636        2.5500000000000002E-003   63.182561662134525     
  0.54058101966752636        2.5666666666666667E-003   64.271027805189135     
  0.54058101966752636        2.5833333333333333E-003   65.502683235116251     
  0.54058101966752636        2.6000000000000003E-003   66.880582448151998     
  0.54058101966752636        2.6166666666666669E-003   68.407869985701382     
  0.54058101966752636        2.6333333333333334E-003   70.087774293654675     
  0.54058101966752636        2.6500000000000000E-003   71.923598157345822     
  0.54058101966752636        2.6666666666666670E-003   73.918712690873619     
  0.54058101966752636        2.6833333333333336E-003   76.076546421995019     
  
  0.55069486575158799        2.2000000000000001E-003   69.469967022884290     
  0.55069486575158799        2.2166666666666667E-003   67.987921912219647     
  0.55069486575158799        2.2333333333333333E-003   66.616657128989459     
  0.55069486575158799        2.2500000000000003E-003   65.356082456886526     
  0.55069486575158799        2.2666666666666668E-003   64.206281831361039     
  0.55069486575158799        2.2833333333333334E-003   63.167511034240789     
  0.55069486575158799        2.3000000000000000E-003   62.240202691194682     
  0.55069486575158799        2.3166666666666670E-003   61.424961203858231     
  0.55069486575158799        2.3333333333333335E-003   60.722565844287686     
  0.55069486575158799        2.3500000000000001E-003   60.133963836986013     
  0.55069486575158799        2.3666666666666667E-003   59.660273449336273     
  0.55069486575158799        2.3833333333333337E-003   59.302777799800751     
  0.55069486575158799        2.4000000000000002E-003   59.062923458004384     
  0.55069486575158799        2.4166666666666668E-003   58.942317076286074     
  0.55069486575158799        2.4333333333333334E-003   58.942719771766882     
  0.55069486575158799        2.4499999999999999E-003   59.066045850366990     
  0.55069486575158799        2.4666666666666669E-003   59.314354493967471     
  0.55069486575158799        2.4833333333333335E-003   59.689847617708452     
  0.55069486575158799        2.5000000000000001E-003   60.194864447773291     
  0.55069486575158799        2.5166666666666666E-003   60.831873564041523     
  0.55069486575158799        2.5333333333333336E-003   61.603468206476599     
  0.55069486575158799        2.5500000000000002E-003   62.512361458419321     
  0.55069486575158799        2.5666666666666667E-003   63.561376292895858     
  0.55069486575158799        2.5833333333333333E-003   64.753440902464561     
  0.55069486575158799        2.6000000000000003E-003   66.091581449805915     
  0.55069486575158799        2.6166666666666669E-003   67.578913046641759     
  0.55069486575158799        2.6333333333333334E-003   69.218633593753708     
  0.55069486575158799        2.6500000000000000E-003   71.014014364129011     
  0.55069486575158799        2.6666666666666670E-003   72.968393870573308     
  0.55069486575158799        2.6833333333333336E-003   75.085167352645499     
  
  0.56078779526827460        2.2000000000000001E-003   69.705265136495825     
  0.56078779526827460        2.2166666666666667E-003   68.174369616637335     
  0.56078779526827460        2.2333333333333333E-003   66.754374765464775     
  0.56078779526827460        2.2500000000000003E-003   65.445197483232732     
  0.56078779526827460        2.2666666666666668E-003   64.246926625351946     
  0.56078779526827460        2.2833333333333334E-003   63.159820617618777     
  0.56078779526827460        2.3000000000000000E-003   62.184312436118901     
  0.56078779526827460        2.3166666666666670E-003   61.321004710993130     
  0.56078779526827460        2.3333333333333335E-003   60.570672627480860     
  0.56078779526827460        2.3500000000000001E-003   59.934257114096390     
  0.56078779526827460        2.3666666666666667E-003   59.412868075247133     
  0.56078779526827460        2.3833333333333337E-003   59.007777970124323     
  0.56078779526827460        2.4000000000000002E-003   58.720420681751079     
  0.56078779526827460        2.4166666666666668E-003   58.552388108633771     
  0.56078779526827460        2.4333333333333334E-003   58.505424428896944     
  0.56078779526827460        2.4499999999999999E-003   58.581425188812588     
  0.56078779526827460        2.4666666666666669E-003   58.782428761507624     
  0.56078779526827460        2.4833333333333335E-003   59.110614348088937     
  0.56078779526827460        2.5000000000000001E-003   59.568296612393738     
  0.56078779526827460        2.5166666666666666E-003   60.157917821662082     
  0.56078779526827460        2.5333333333333336E-003   60.882043158284148     
  0.56078779526827460        2.5500000000000002E-003   61.743355962335059     
  0.56078779526827460        2.5666666666666667E-003   62.744647862030646     
  0.56078779526827460        2.5833333333333333E-003   63.888814207441499     
  0.56078779526827460        2.6000000000000003E-003   65.178846810309480     
  0.56078779526827460        2.6166666666666669E-003   66.617825099637031     
  0.56078779526827460        2.6333333333333334E-003   68.208909949761392     
  0.56078779526827460        2.6500000000000000E-003   69.955334420434014     
  0.56078779526827460        2.6666666666666670E-003   71.860397519053819     
  0.56078779526827460        2.6833333333333336E-003   73.927454116688438     
  
  0.57085564390159205        2.2000000000000001E-003   70.036950084292315     
  0.57085564390159205        2.2166666666666667E-003   68.449192924607161     
  0.57085564390159205        2.2333333333333333E-003   66.972469705481600     
  0.57085564390159205        2.2500000000000003E-003   65.606705625569191     
  0.57085564390159205        2.2666666666666668E-003   64.351995275601098     
  0.57085564390159205        2.2833333333333334E-003   63.208600146194783     
  0.57085564390159205        2.3000000000000000E-003   62.176953611170532     
  0.57085564390159205        2.3166666666666670E-003   61.257656183942856     
  0.57085564390159205        2.3333333333333335E-003   60.451478260951660     
  0.57085564390159205        2.3500000000000001E-003   59.759353380320803     
  0.57085564390159205        2.3666666666666667E-003   59.182381634934757     
  0.57085564390159205        2.3833333333333337E-003   58.721822981956514     
  0.57085564390159205        2.4000000000000002E-003   58.379096452405790     
  0.57085564390159205        2.4166666666666668E-003   58.155776648141355     
  0.57085564390159205        2.4333333333333334E-003   58.053587916004332     
  0.57085564390159205        2.4499999999999999E-003   58.074403812165947     
  0.57085564390159205        2.4666666666666669E-003   58.220238354558049     
  0.57085564390159205        2.4833333333333335E-003   58.493244146121995     
  0.57085564390159205        2.5000000000000001E-003   58.895707078101040     
  0.57085564390159205        2.5166666666666666E-003   59.430038613243852     
  0.57085564390159205        2.5333333333333336E-003   60.098771089723847     
  0.57085564390159205        2.5500000000000002E-003   60.904553005872827     
  0.57085564390159205        2.5666666666666667E-003   61.850139319253003     
  0.57085564390159205        2.5833333333333333E-003   62.938386915362052     
  0.57085564390159205        2.6000000000000003E-003   64.172247396585789     
  0.57085564390159205        2.6166666666666669E-003   65.554758417801096     
  0.57085564390159205        2.6333333333333334E-003   67.089037520150470     
  0.57085564390159205        2.6500000000000000E-003   68.778273022502916     
  0.57085564390159205        2.6666666666666670E-003   70.625717710761194     
  0.57085564390159205        2.6833333333333336E-003   72.634679191736026     
  
  0.58089425768385328        2.2000000000000001E-003   70.490897202161420     
  0.58089425768385328        2.2166666666666667E-003   68.838677675794699     
  0.58089425768385328        2.2333333333333333E-003   67.297634539072249     
  0.58089425768385328        2.2500000000000003E-003   65.867702418250289     
  0.58089425768385328        2.2666666666666668E-003   64.548982415968297     
  0.58089425768385328        2.2833333333333334E-003   63.341739480864589     
  0.58089425768385328        2.3000000000000000E-003   62.246407419760452     
  0.58089425768385328        2.3166666666666670E-003   61.263584278882725     
  0.58089425768385328        2.3333333333333335E-003   60.394034976927117     
  0.58089425768385328        2.3500000000000001E-003   59.638684591058606     
  0.58089425768385328        2.3666666666666667E-003   58.998621988153985     
  0.58089425768385328        2.3833333333333337E-003   58.475092827494350     
  0.58089425768385328        2.4000000000000002E-003   58.069499184237138     
  0.58089425768385328        2.4166666666666668E-003   57.783395890157351     
  0.58089425768385328        2.4333333333333334E-003   57.618484653196816     
  0.58089425768385328        2.4499999999999999E-003   57.576613900309667     
  0.58089425768385328        2.4666666666666669E-003   57.659769855628021     
  0.58089425768385328        2.4833333333333335E-003   57.870074755400452     
  0.58089425768385328        2.5000000000000001E-003   58.209781633644582     
  0.58089425768385328        2.5166666666666666E-003   58.681266794395313     
  0.58089425768385328        2.5333333333333336E-003   59.287025092397165     
  0.58089425768385328        2.5500000000000002E-003   60.029665240507967     
  0.58089425768385328        2.5666666666666667E-003   60.911900368715088     
  0.58089425768385328        2.5833333333333333E-003   61.936543448102142     
  0.58089425768385328        2.6000000000000003E-003   63.106500198703799     
  0.58089425768385328        2.6166666666666669E-003   64.424760598883950     
  0.58089425768385328        2.6333333333333334E-003   65.894392753228487     
  0.58089425768385328        2.6500000000000000E-003   67.518533914862317     
  0.58089425768385328        2.6666666666666670E-003   69.300384151096253     
  0.58089425768385328        2.6833333333333336E-003   71.243197124683874     
  
  0.59089949470959202        2.2000000000000001E-003   71.096355047750222     
  0.59089949470959202        2.2166666666666667E-003   69.372538453010435     
  0.59089949470959202        2.2333333333333333E-003   67.760045627005780     
  0.59089949470959202        2.2500000000000003E-003   66.258821693064277     
  0.59089949470959202        2.2666666666666668E-003   64.868974998212281     
  0.59089949470959202        2.2833333333333334E-003   63.590774311023594     
  0.59089949470959202        2.3000000000000000E-003   62.424653892732714     
  0.59089949470959202        2.3166666666666670E-003   61.371208966404943     
  0.59089949470959202        2.3333333333333335E-003   60.431198298696472     
  0.59089949470959202        2.3500000000000001E-003   59.605537462390288     
  0.59089949470959202        2.3666666666666667E-003   58.895302722755289     
  0.59089949470959202        2.3833333333333337E-003   58.301723698901128     
  0.59089949470959202        2.4000000000000002E-003   57.826183476057480     
  0.59089949470959202        2.4166666666666668E-003   57.470214721635031     
  0.59089949470959202        2.4333333333333334E-003   57.235493793300066     
  0.59089949470959202        2.4499999999999999E-003   57.123840953891104     
  0.59089949470959202        2.4666666666666669E-003   57.137211317574682     
  0.59089949470959202        2.4833333333333335E-003   57.277693116976948     
  0.59089949470959202        2.5000000000000001E-003   57.547502587365869     
  0.59089949470959202        2.5166666666666666E-003   57.948976676333757     
  0.59089949470959202        2.5333333333333336E-003   58.484568283668139     
  0.59089949470959202        2.5500000000000002E-003   59.156841569341211     
  0.59089949470959202        2.5666666666666667E-003   59.968462870664567     
  0.59089949470959202        2.5833333333333333E-003   60.922195990736505     
  0.59089949470959202        2.6000000000000003E-003   62.020895305025391     
  0.59089949470959202        2.6166666666666669E-003   63.267497428275810     
  0.59089949470959202        2.6333333333333334E-003   64.665015156200795     
  0.59089949470959202        2.6500000000000000E-003   66.216528582403200     
  0.59089949470959202        2.6666666666666670E-003   67.925178807203338     
  0.59089949470959202        2.6833333333333336E-003   69.794159115606817     
  
  0.60086722684450489        2.2000000000000001E-003   71.885699568799069     
  0.60086722684450489        2.2166666666666667E-003   70.083669608834995     
  0.60086722684450489        2.2333333333333333E-003   68.393111019151192     
  0.60086722684450489        2.2500000000000003E-003   66.813980423204484     
  0.60086722684450489        2.2666666666666668E-003   65.346394095721209     
  0.60086722684450489        2.2833333333333334E-003   63.990624952421925     
  0.60086722684450489        2.3000000000000000E-003   62.747107714830108     
  0.60086722684450489        2.3166666666666670E-003   61.616434421153727     
  0.60086722684450489        2.3333333333333335E-003   60.599357027898265     
  0.60086722684450489        2.3500000000000001E-003   59.696780590373436     
  0.60086722684450489        2.3666666666666667E-003   58.909767440163336     
  0.60086722684450489        2.3833333333333337E-003   58.239529473826778     
  0.60086722684450489        2.4000000000000002E-003   57.687428830270136     
  0.60086722684450489        2.4166666666666668E-003   57.254973706769128     
  0.60086722684450489        2.4333333333333334E-003   56.943812506567710     
  0.60086722684450489        2.4499999999999999E-003   56.755734410023820     
  0.60086722684450489        2.4666666666666669E-003   56.692660241502260     
  0.60086722684450489        2.4833333333333335E-003   56.756640739920158     
  0.60086722684450489        2.5000000000000001E-003   56.949851560026374     
  0.60086722684450489        2.5166666666666666E-003   57.274586269721837     
  0.60086722684450489        2.5333333333333336E-003   57.733251529244029     
  0.60086722684450489        2.5500000000000002E-003   58.328362375154214     
  0.60086722684450489        2.5666666666666667E-003   59.062533600575151     
  0.60086722684450489        2.5833333333333333E-003   59.938474806186250     
  0.60086722684450489        2.6000000000000003E-003   60.958983795599472     
  0.60086722684450489        2.6166666666666669E-003   62.126938373123302     
  0.60086722684450489        2.6333333333333334E-003   63.445290410583922     
  0.60086722684450489        2.6500000000000000E-003   64.917057006344962     
  0.60086722684450489        2.6666666666666670E-003   66.545314322253333     
  0.60086722684450489        2.6833333333333336E-003   68.333189106683236     
  
  0.61079334142870578        2.2000000000000001E-003   72.894160820312720     
  0.61079334142870578        2.2166666666666667E-003   71.007868486683805     
  0.61079334142870578        2.2333333333333333E-003   69.233190216663985     
  0.61079334142870578        2.2500000000000003E-003   67.570095064212907     
  0.61079334142870578        2.2666666666666668E-003   66.018707861182335     
  0.61079334142870578        2.2833333333333334E-003   64.579305959778807     
  0.61079334142870578        2.3000000000000000E-003   63.252324530599054     
  0.61079334142870578        2.3166666666666670E-003   62.038352059418685     
  0.61079334142870578        2.3333333333333335E-003   60.938133052166052     
  0.61079334142870578        2.3500000000000001E-003   59.952561066955298     
  0.61079334142870578        2.3666666666666667E-003   59.082683217522927     
  0.61079334142870578        2.3833333333333337E-003   58.329692061463334     
  0.61079334142870578        2.4000000000000002E-003   57.694926920060809     
  0.61079334142870578        2.4166666666666668E-003   57.179869312056212     
  0.61079334142870578        2.4333333333333334E-003   56.786137199760788     
  0.61079334142870578        2.4499999999999999E-003   56.515485890847934     
  0.61079334142870578        2.4666666666666669E-003   56.369798889498043     
  0.61079334142870578        2.4833333333333335E-003   56.351086112081582     
  0.61079334142870578        2.5000000000000001E-003   56.461479026544623     
  0.61079334142870578        2.5166666666666666E-003   56.703223989280971     
  0.61079334142870578        2.5333333333333336E-003   57.078677341520589     
  0.61079334142870578        2.5500000000000002E-003   57.590300642175563     
  0.61079334142870578        2.5666666666666667E-003   58.240652622784140     
  0.61079334142870578        2.5833333333333333E-003   59.032383887918058     
  0.61079334142870578        2.6000000000000003E-003   59.968230699714084     
  0.61079334142870578        2.6166666666666669E-003   61.051006869114417     
  0.61079334142870578        2.6333333333333334E-003   62.283598011117689     
  0.61079334142870578        2.6500000000000000E-003   63.668952676630184     
  0.61079334142870578        2.6666666666666670E-003   65.210076421061586     
  0.61079334142870578        2.6833333333333336E-003   66.910023599150904     
  
  0.62067374297360067        2.2000000000000001E-003   74.159524131527903     
  0.62067374297360067        2.2166666666666667E-003   72.183532760491957     
  0.62067374297360067        2.2333333333333333E-003   70.319287725071732     
  0.62067374297360067        2.2500000000000003E-003   68.566771361649273     
  0.62067374297360067        2.2666666666666668E-003   66.926117630370328     
  0.62067374297360067        2.2833333333333334E-003   65.397608568487342     
  0.62067374297360067        2.3000000000000000E-003   63.981679765948002     
  0.62067374297360067        2.3166666666666670E-003   62.678915782574379     
  0.62067374297360067        2.3333333333333335E-003   61.490053052389932     
  0.62067374297360067        2.3500000000000001E-003   60.415972692828959     
  0.62067374297360067        2.3666666666666667E-003   59.457705367713992     
  0.62067374297360067        2.3833333333333337E-003   58.616422750895403     
  0.62067374297360067        2.4000000000000002E-003   57.893439566812901     
  0.62067374297360067        2.4166666666666668E-003   57.290208552950084     
  0.62067374297360067        2.4333333333333334E-003   56.808314871552639     
  0.62067374297360067        2.4499999999999999E-003   56.449477306489641     
  0.62067374297360067        2.4666666666666669E-003   56.215539173088963     
  0.62067374297360067        2.4833333333333335E-003   56.108466411054728     
  0.62067374297360067        2.5000000000000001E-003   56.130342885468878     
  0.62067374297360067        2.5166666666666666E-003   56.283364116696731     
  0.62067374297360067        2.5333333333333336E-003   56.569832269623234     
  0.62067374297360067        2.5500000000000002E-003   56.992151305722643     
  0.62067374297360067        2.5666666666666667E-003   57.552819630843871     
  0.62067374297360067        2.5833333333333333E-003   58.254424320689402     
  0.62067374297360067        2.6000000000000003E-003   59.099635405235318     
  0.62067374297360067        2.6166666666666669E-003   60.091197805066571     
  0.62067374297360067        2.6333333333333334E-003   61.231925850598422     
  0.62067374297360067        2.6500000000000000E-003   62.524694300348472     
  0.62067374297360067        2.6666666666666670E-003   63.972432763636910     
  0.62067374297360067        2.6833333333333336E-003   65.578117671756246     
  
  0.63050435485167422        2.2000000000000001E-003   75.721807803362637     
  0.63050435485167422        2.2166666666666667E-003   73.651333999063553     
  0.63050435485167422        2.2333333333333333E-003   71.692722529452141     
  0.63050435485167422        2.2500000000000003E-003   69.845969781509382     
  0.63050435485167422        2.2666666666666668E-003   68.111219352609865     
  0.63050435485167422        2.2833333333333334E-003   66.488758170223562     
  0.63050435485167422        2.3000000000000000E-003   64.979022194143354     
  0.63050435485167422        2.3166666666666670E-003   63.582591678789726     
  0.63050435485167422        2.3333333333333335E-003   62.300194385388068     
  0.63050435485167422        2.3500000000000001E-003   61.132698086176930     
  0.63050435485167422        2.3666666666666667E-003   60.081115818965273     
  0.63050435485167422        2.3833333333333337E-003   59.146596906018360     
  0.63050435485167422        2.4000000000000002E-003   58.330429794263175     
  0.63050435485167422        2.4166666666666668E-003   57.634036450601343     
  0.63050435485167422        2.4333333333333334E-003   57.058967014487152     
  0.63050435485167422        2.4499999999999999E-003   56.606901244077577     
  0.63050435485167422        2.4666666666666669E-003   56.279639570228809     
  0.63050435485167422        2.4833333333333335E-003   56.079100989075414     
  0.63050435485167422        2.5000000000000001E-003   56.007318550616475     
  0.63050435485167422        2.5166666666666666E-003   56.066433536626022     
  0.63050435485167422        2.5333333333333336E-003   56.258690316155636     
  0.63050435485167422        2.5500000000000002E-003   56.586431384685170     
  0.63050435485167422        2.5666666666666667E-003   57.052090829269787     
  0.63050435485167422        2.5833333333333333E-003   57.658187943582625     
  0.63050435485167422        2.6000000000000003E-003   58.407322133309023     
  0.63050435485167422        2.6166666666666669E-003   59.302164838020602     
  0.63050435485167422        2.6333333333333334E-003   60.345454402292717     
  0.63050435485167422        2.6500000000000000E-003   61.539986876594938     
  0.63050435485167422        2.6666666666666670E-003   62.888610935706595     
  0.63050435485167422        2.6833333333333336E-003   64.394219908229601     
  
  0.64028112097849577        2.2000000000000001E-003   77.622919582780682     
  0.64028112097849577        2.2166666666666667E-003   75.453869728976954     
  0.64028112097849577        2.2333333333333333E-003   73.396775792680387     
  0.64028112097849577        2.2500000000000003E-003   71.451648891174443     
  0.64028112097849577        2.2666666666666668E-003   69.618642702216405     
  0.64028112097849577        2.2833333333333334E-003   67.898049202946623     
  0.64028112097849577        2.3000000000000000E-003   66.290304652624130     
  0.64028112097849577        2.3166666666666670E-003   64.795984614977726     
  0.64028112097849577        2.3333333333333335E-003   63.415807599266373     
  0.64028112097849577        2.3500000000000001E-003   62.150627169477033     
  0.64028112097849577        2.3666666666666667E-003   61.001437620900404     
  0.64028112097849577        2.3833333333333337E-003   59.969364538215672     
  0.64028112097849577        2.4000000000000002E-003   59.055668514628621     
  0.64028112097849577        2.4166666666666668E-003   58.261738877646884     
  0.64028112097849577        2.4333333333333334E-003   57.589088665870257     
  0.64028112097849577        2.4499999999999999E-003   57.039356268333314     
  0.64028112097849577        2.4666666666666669E-003   56.614296719229159     
  0.64028112097849577        2.4833333333333335E-003   56.315779302832880     
  0.64028112097849577        2.5000000000000001E-003   56.145783258157664     
  0.64028112097849577        2.5166666666666666E-003   56.106392461179020     
  0.64028112097849577        2.5333333333333336E-003   56.199790117800909     
  0.64028112097849577        2.5500000000000002E-003   56.428253655562138     
  0.64028112097849577        2.5666666666666667E-003   56.794149136721330     
  0.64028112097849577        2.5833333333333333E-003   57.299924116430759     
  0.64028112097849577        2.6000000000000003E-003   57.948103300400660     
  0.64028112097849577        2.6166666666666669E-003   58.741280381471327     
  0.64028112097849577        2.6333333333333334E-003   59.682113363037381     
  0.64028112097849577        2.6500000000000000E-003   60.773315021197099     
  0.64028112097849577        2.6666666666666670E-003   62.017648479756929     
  0.64028112097849577        2.6833333333333336E-003   63.417919157269665     
  
